SID	Run	Trial	Stage	Expression	Decision	Time
101	2	26	1	0	None	1414017737.11
101	2	26	1	0	None	1414017737.14
101	2	26	1	0	None	1414017737.17
101	2	26	1	0	None	1414017737.23
101	2	26	1	0	None	1414017737.26
101	2	26	1	0	None	1414017737.29
101	2	26	1	0	None	1414017737.33
101	2	26	1	0	None	1414017737.36
101	2	26	1	0	None	1414017737.4
101	2	26	1	0	None	1414017737.43
101	2	26	1	0	None	1414017737.47
101	2	26	1	0	None	1414017737.49
101	2	26	1	0	None	1414017737.53
101	2	26	1	0	None	1414017737.56
101	2	26	1	0	None	1414017737.6
101	2	26	1	0	None	1414017737.63
101	2	26	1	0	None	1414017737.66
101	2	26	1	0	None	1414017737.69
101	2	26	1	0	None	1414017737.73
101	2	26	1	0	None	1414017737.76
101	2	26	1	0	None	1414017737.8
101	2	26	1	0	None	1414017737.83
101	2	26	1	0	None	1414017737.86
101	2	26	1	0	None	1414017737.89
101	2	26	1	0	None	1414017737.93
101	2	26	1	0	None	1414017737.96
101	2	26	1	0	None	1414017737.99
101	2	26	1	0	None	1414017738.03
101	2	26	1	0	None	1414017738.06
101	2	26	1	0	None	1414017738.09
101	2	26	1	0	None	1414017738.12
101	2	26	1	0	None	1414017738.15
101	2	26	1	0	None	1414017738.19
101	2	26	1	0	None	1414017738.22
101	2	26	1	0	None	1414017738.26
101	2	26	1	0	None	1414017738.29
101	2	26	1	0	None	1414017738.32
101	2	26	1	0	None	1414017738.35
101	2	26	1	0	None	1414017738.39
101	2	26	1	0	None	1414017738.42
101	2	26	1	0	None	1414017738.45
101	2	26	1	0	None	1414017738.49
101	2	26	1	0	None	1414017738.52
101	2	26	1	0	None	1414017738.55
101	2	26	1	0	None	1414017738.59
101	2	26	1	0	None	1414017738.62
101	2	26	1	0	None	1414017738.65
101	2	26	1	0	None	1414017738.68
101	2	26	1	0	None	1414017738.72
101	2	26	1	0	None	1414017738.75
101	2	26	1	0	None	1414017738.78
101	2	26	1	0	None	1414017738.82
101	2	26	1	0	None	1414017738.85
101	2	26	1	0	None	1414017738.88
101	2	26	2	1	None	1414017738.91
101	2	26	2	1	None	1414017738.95
101	2	26	2	1	None	1414017738.98
101	2	26	2	1	None	1414017739.02
101	2	26	2	1	None	1414017739.05
101	2	26	2	1	None	1414017739.08
101	2	26	2	1	None	1414017739.11
101	2	26	2	1	None	1414017739.15
101	2	26	2	1	None	1414017739.18
101	2	26	2	1	None	1414017739.21
101	2	26	2	1	None	1414017739.25
101	2	26	2	1	None	1414017739.28
101	2	26	2	1	None	1414017739.31
101	2	26	2	1	None	1414017739.34
101	2	26	2	1	None	1414017739.38
101	2	26	2	1	None	1414017739.41
101	2	26	2	1	None	1414017739.44
101	2	26	2	1	None	1414017739.47
101	2	26	2	1	None	1414017739.51
101	2	26	2	1	None	1414017739.55
101	2	26	2	1	None	1414017739.58
101	2	26	2	1	None	1414017739.6
101	2	26	2	1	None	1414017739.64
101	2	26	2	1	None	1414017739.68
101	2	26	2	1	None	1414017739.71
101	2	26	2	1	None	1414017739.74
101	2	26	2	1	None	1414017739.77
101	2	26	2	1	None	1414017739.8
101	2	26	2	1	None	1414017739.84
101	2	26	2	1	None	1414017739.87
101	2	26	2	1	None	1414017739.91
101	2	26	2	1	None	1414017739.94
101	2	26	2	1	None	1414017739.98
101	2	26	2	1	None	1414017740
101	2	26	2	1	None	1414017740.04
101	2	26	2	1	None	1414017740.07
101	2	26	2	1	None	1414017740.1
101	2	26	2	1	None	1414017740.14
101	2	26	2	1	None	1414017740.17
101	2	26	2	1	None	1414017740.2
101	2	26	2	1	None	1414017740.24
101	2	26	2	1	None	1414017740.27
101	2	26	2	1	None	1414017740.3
101	2	26	2	1	None	1414017740.34
101	2	26	2	1	None	1414017740.37
101	2	26	2	1	None	1414017740.4
101	2	26	2	1	None	1414017740.43
101	2	26	2	1	None	1414017740.47
101	2	26	2	1	None	1414017740.53
101	2	26	2	1	None	1414017740.57
101	2	26	2	1	None	1414017740.6
101	2	26	2	1	None	1414017740.63
101	2	26	2	1	None	1414017740.66
101	2	26	2	1	None	1414017740.7
101	2	26	2	1	None	1414017740.74
101	2	26	2	1	None	1414017740.77
101	2	26	2	1	None	1414017740.8
101	2	26	2	1	None	1414017740.83
101	2	26	2	1	None	1414017740.86
101	2	26	2	1	None	1414017740.9
101	2	26	2	1	None	1414017740.93
101	2	26	2	1	None	1414017740.96
101	2	26	2	1	None	1414017741
101	2	26	2	1	None	1414017741.03
101	2	26	2	1	None	1414017741.06
101	2	26	2	2	None	1414017741.1
101	2	26	2	2	None	1414017741.13
101	2	26	2	2	None	1414017741.16
101	2	26	2	2	None	1414017741.19
101	2	26	2	2	None	1414017741.23
101	2	26	2	2	None	1414017741.27
101	2	26	2	2	None	1414017741.29
101	2	26	2	2	None	1414017741.32
101	2	26	2	2	None	1414017741.35
101	2	26	2	2	None	1414017741.39
101	2	26	2	2	None	1414017741.42
101	2	26	2	2	None	1414017741.46
101	2	26	2	2	None	1414017741.49
101	2	26	2	2	None	1414017741.52
101	2	26	2	2	None	1414017741.56
101	2	26	2	2	None	1414017741.59
101	2	26	2	2	None	1414017741.62
101	2	26	2	2	None	1414017741.66
101	2	26	2	2	None	1414017741.69
101	2	26	2	2	None	1414017741.73
101	2	26	2	2	None	1414017741.76
101	2	26	2	2	None	1414017741.79
101	2	26	2	2	None	1414017741.82
101	2	26	2	2	None	1414017741.86
101	2	26	2	2	None	1414017741.89
101	2	26	2	2	None	1414017741.92
101	2	26	2	2	None	1414017741.95
101	2	26	2	2	None	1414017741.99
101	2	26	2	2	None	1414017742.03
101	2	26	2	2	None	1414017742.05
101	2	26	2	2	None	1414017742.08
101	2	26	2	2	None	1414017742.11
101	2	26	2	2	None	1414017742.15
101	2	26	2	2	None	1414017742.19
101	2	26	2	2	None	1414017742.23
101	2	26	2	2	None	1414017742.26
101	2	26	2	2	None	1414017742.29
101	2	26	2	2	None	1414017742.31
101	2	26	2	2	None	1414017742.35
101	2	26	2	2	None	1414017742.38
101	2	26	2	2	None	1414017742.41
101	2	26	2	2	None	1414017742.44
101	2	26	2	2	None	1414017742.48
101	2	26	2	2	None	1414017742.51
101	2	26	2	2	None	1414017742.54
101	2	26	2	2	None	1414017742.58
101	2	26	2	2	None	1414017742.61
101	2	26	2	2	None	1414017742.65
101	2	26	2	2	None	1414017742.68
101	2	26	2	2	None	1414017742.71
101	2	26	2	2	None	1414017742.74
101	2	26	2	2	None	1414017742.78
101	2	26	2	2	None	1414017742.81
101	2	26	2	2	None	1414017742.84
101	2	26	2	2	None	1414017742.87
101	2	26	2	2	None	1414017742.91
101	2	26	2	2	None	1414017742.94
101	2	26	2	2	None	1414017742.98
101	2	26	2	2	None	1414017743.01
101	2	26	2	2	None	1414017743.04
101	2	26	2	2	None	1414017743.08
101	2	26	2	2	None	1414017743.11
101	2	26	2	2	None	1414017743.14
101	2	26	2	2	None	1414017743.17
101	2	26	2	2	None	1414017743.21
101	2	26	2	2	None	1414017743.24
101	2	26	2	3	None	1414017743.28
101	2	26	2	3	None	1414017743.31
101	2	26	2	3	None	1414017743.34
101	2	26	2	3	None	1414017743.37
101	2	26	2	3	None	1414017743.4
101	2	26	2	3	None	1414017743.44
101	2	26	2	3	None	1414017743.47
101	2	26	2	3	None	1414017743.5
101	2	26	2	3	None	1414017743.54
101	2	26	2	3	None	1414017743.57
101	2	26	2	3	None	1414017743.61
101	2	26	2	3	None	1414017743.64
101	2	26	2	3	None	1414017743.67
101	2	26	2	3	None	1414017743.7
101	2	26	2	3	None	1414017743.73
101	2	26	2	3	None	1414017743.79
101	2	26	2	3	None	1414017743.83
101	2	26	2	3	None	1414017743.86
101	2	26	2	3	None	1414017743.9
101	2	26	2	3	None	1414017743.93
101	2	26	2	3	None	1414017743.97
101	2	26	2	3	None	1414017744
101	2	26	2	3	None	1414017744.03
101	2	26	2	3	None	1414017744.06
101	2	26	2	3	None	1414017744.1
101	2	26	2	3	None	1414017744.14
101	2	26	2	3	None	1414017744.16
101	2	26	2	3	None	1414017744.19
101	2	26	2	3	None	1414017744.23
101	2	26	2	3	None	1414017744.26
101	2	26	2	3	None	1414017744.3
101	2	26	2	3	None	1414017744.33
101	2	26	2	3	None	1414017744.36
101	2	26	2	3	None	1414017744.39
101	2	26	2	3	None	1414017744.43
101	2	26	2	3	None	1414017744.46
101	2	26	2	3	None	1414017744.5
101	2	26	2	3	None	1414017744.53
101	2	26	2	3	None	1414017744.56
101	2	26	2	3	None	1414017744.59
101	2	26	2	3	None	1414017744.62
101	2	26	2	3	None	1414017744.66
101	2	26	2	3	None	1414017744.69
101	2	26	2	3	None	1414017744.72
101	2	26	2	3	None	1414017744.76
101	2	26	2	3	None	1414017744.79
101	2	26	2	3	None	1414017744.83
101	2	26	2	3	None	1414017744.85
101	2	26	2	3	None	1414017744.89
101	2	26	2	3	None	1414017744.93
101	2	26	2	3	None	1414017744.96
101	2	26	2	3	None	1414017744.99
101	2	26	2	3	None	1414017745.02
101	2	26	2	3	None	1414017745.05
101	2	26	2	3	None	1414017745.09
101	2	26	2	3	None	1414017745.12
101	2	26	2	3	None	1414017745.15
101	2	26	2	3	None	1414017745.18
101	2	26	2	3	None	1414017745.22
101	2	26	2	3	None	1414017745.26
101	2	26	2	3	None	1414017745.29
101	2	26	2	3	None	1414017745.32
101	2	26	2	3	None	1414017745.35
101	2	26	2	3	None	1414017745.38
101	2	26	2	3	None	1414017745.42
101	2	26	2	3	None	1414017745.45
101	2	26	2	3	None	1414017745.48
101	2	26	2	3	None	1414017745.52
101	2	26	2	3	None	1414017745.55
101	2	26	2	3	None	1414017745.58
101	2	26	2	3	None	1414017745.61
101	2	26	2	3	None	1414017745.65
101	2	26	2	3	None	1414017745.68
101	2	26	2	3	None	1414017745.72
101	2	26	2	3	None	1414017745.75
101	2	26	2	3	None	1414017745.78
101	2	26	2	3	None	1414017745.81
101	2	26	2	3	None	1414017745.84
101	2	26	2	3	None	1414017745.89
101	2	26	3	0	None	1414017745.92
101	2	26	3	0	None	1414017745.95
101	2	26	3	0	None	1414017745.98
101	2	26	3	0	None	1414017746.01
101	2	26	3	0	None	1414017746.05
101	2	26	3	0	None	1414017746.08
101	2	26	3	0	None	1414017746.12
101	2	26	3	0	None	1414017746.15
101	2	26	3	0	None	1414017746.18
101	2	26	3	0	None	1414017746.21
101	2	26	3	0	None	1414017746.24
101	2	26	3	0	None	1414017746.28
101	2	26	3	0	None	1414017746.31
101	2	26	3	0	None	1414017746.34
101	2	26	3	0	None	1414017746.38
101	2	26	3	0	None	1414017746.41
101	2	26	3	0	None	1414017746.44
101	2	26	3	0	None	1414017746.47
101	2	26	3	0	None	1414017746.5
101	2	26	3	0	None	1414017746.54
101	2	26	3	0	None	1414017746.57
101	2	26	3	0	None	1414017746.61
101	2	26	3	0	None	1414017746.64
101	2	26	3	0	None	1414017746.67
101	2	26	3	0	None	1414017746.7
101	2	26	3	0	None	1414017746.73
101	2	26	3	0	None	1414017746.77
101	2	26	3	0	None	1414017746.8
101	2	26	3	0	None	1414017746.84
101	2	26	3	0	None	1414017746.87
101	2	26	3	0	None	1414017746.9
101	2	26	3	0	None	1414017746.94
101	2	26	3	0	None	1414017746.97
101	2	26	3	0	None	1414017747
101	2	26	3	0	None	1414017747.04
101	2	26	3	0	None	1414017747.1
101	2	26	3	0	None	1414017747.14
101	2	26	3	0	None	1414017747.17
101	2	26	3	0	None	1414017747.2
101	2	26	3	0	None	1414017747.23
101	2	26	3	0	None	1414017747.27
101	2	26	3	0	None	1414017747.3
101	2	26	3	0	None	1414017747.33
101	2	26	3	0	None	1414017747.36
101	2	26	3	0	None	1414017747.4
101	2	26	3	0	None	1414017747.44
101	2	26	3	0	None	1414017747.47
101	2	26	3	0	None	1414017747.5
101	2	26	3	0	None	1414017747.53
101	2	26	3	0	None	1414017747.57
101	2	26	3	0	Left	1414017747.6
101	2	26	3	0	Left	1414017747.63
101	2	26	3	0	Left	1414017747.66
101	2	26	3	0	Left	1414017747.7
101	2	26	3	0	Left	1414017747.73
101	2	26	3	0	Left	1414017747.76
101	2	26	3	0	Left	1414017747.8
101	2	26	3	0	Left	1414017747.83
101	2	26	3	0	Left	1414017747.86
101	2	26	3	0	Left	1414017747.89
101	2	26	3	0	Left	1414017747.92
101	2	26	3	0	Left	1414017747.96
101	2	26	3	0	Left	1414017747.99
101	2	26	3	0	Left	1414017748.03
101	2	26	3	0	Left	1414017748.05
101	2	26	3	0	Left	1414017748.09
101	2	26	3	0	Left	1414017748.13
101	2	26	3	0	Left	1414017748.16
101	2	26	3	0	Left	1414017748.19
101	2	26	3	0	Left	1414017748.22
101	2	26	3	0	Left	1414017748.25
101	2	26	3	0	Left	1414017748.29
101	2	26	3	0	Left	1414017748.32
101	2	26	3	0	Left	1414017748.36
101	2	26	3	0	Left	1414017748.39
101	2	26	3	0	Left	1414017748.42
101	2	26	3	0	Left	1414017748.46
101	2	26	3	0	Left	1414017748.49
101	2	26	3	0	Left	1414017748.52
101	2	26	3	0	Left	1414017748.55
101	2	26	3	0	Left	1414017748.59
101	2	26	3	0	Left	1414017748.62
101	2	26	3	0	Left	1414017748.65
101	2	26	3	0	Left	1414017748.69
101	2	26	3	0	Left	1414017748.72
101	2	26	3	0	Left	1414017748.76
101	2	26	3	0	Left	1414017748.79
101	2	26	3	0	Left	1414017748.81
101	2	27	1	0	None	1414017748.85
101	2	27	1	0	None	1414017748.88
101	2	27	1	0	None	1414017748.92
101	2	27	1	0	None	1414017748.95
101	2	27	1	0	None	1414017748.98
101	2	27	1	0	None	1414017749.02
101	2	27	1	0	None	1414017749.05
101	2	27	1	0	None	1414017749.09
101	2	27	1	0	None	1414017749.11
101	2	27	1	0	None	1414017749.14
101	2	27	1	0	None	1414017749.18
101	2	27	1	0	None	1414017749.21
101	2	27	1	0	None	1414017749.25
101	2	27	1	0	None	1414017749.28
101	2	27	1	0	None	1414017749.32
101	2	27	1	0	None	1414017749.35
101	2	27	1	0	None	1414017749.38
101	2	27	1	0	None	1414017749.41
101	2	27	1	0	None	1414017749.44
101	2	27	1	0	None	1414017749.47
101	2	27	1	0	None	1414017749.51
101	2	27	1	0	None	1414017749.55
101	2	27	1	0	None	1414017749.58
101	2	27	1	0	None	1414017749.61
101	2	27	1	0	None	1414017749.64
101	2	27	1	0	None	1414017749.67
101	2	27	1	0	None	1414017749.71
101	2	27	1	0	None	1414017749.74
101	2	27	1	0	None	1414017749.77
101	2	27	1	0	None	1414017749.81
101	2	27	1	0	None	1414017749.84
101	2	27	1	0	None	1414017749.88
101	2	27	1	0	None	1414017749.91
101	2	27	1	0	None	1414017749.94
101	2	27	1	0	None	1414017749.98
101	2	27	1	0	None	1414017750.01
101	2	27	1	0	None	1414017750.04
101	2	27	1	0	None	1414017750.07
101	2	27	1	0	None	1414017750.1
101	2	27	1	0	None	1414017750.14
101	2	27	1	0	None	1414017750.17
101	2	27	1	0	None	1414017750.2
101	2	27	1	0	None	1414017750.23
101	2	27	1	0	None	1414017750.27
101	2	27	1	0	None	1414017750.3
101	2	27	1	0	None	1414017750.37
101	2	27	1	0	None	1414017750.4
101	2	27	1	0	None	1414017750.43
101	2	27	1	0	None	1414017750.47
101	2	27	1	0	None	1414017750.5
101	2	27	1	0	None	1414017750.53
101	2	27	1	0	None	1414017750.57
101	2	27	1	0	None	1414017750.6
101	2	27	1	0	None	1414017750.64
101	2	27	1	0	None	1414017750.67
101	2	27	1	0	None	1414017750.7
101	2	27	1	0	None	1414017750.73
101	2	27	1	0	None	1414017750.76
101	2	27	1	0	None	1414017750.8
101	2	27	1	0	None	1414017750.83
101	2	27	1	0	None	1414017750.86
101	2	27	1	0	None	1414017750.9
101	2	27	1	0	None	1414017750.93
101	2	27	1	0	None	1414017750.97
101	2	27	1	0	None	1414017751
101	2	27	1	0	None	1414017751.03
101	2	27	1	0	None	1414017751.06
101	2	27	1	0	None	1414017751.09
101	2	27	1	0	None	1414017751.13
101	2	27	1	0	None	1414017751.16
101	2	27	1	0	None	1414017751.19
101	2	27	1	0	None	1414017751.23
101	2	27	1	0	None	1414017751.26
101	2	27	1	0	None	1414017751.29
101	2	27	1	0	None	1414017751.33
101	2	27	1	0	None	1414017751.36
101	2	27	1	0	None	1414017751.39
101	2	27	1	0	None	1414017751.43
101	2	27	1	0	None	1414017751.46
101	2	27	1	0	None	1414017751.49
101	2	27	1	0	None	1414017751.52
101	2	27	1	0	None	1414017751.55
101	2	27	1	0	None	1414017751.59
101	2	27	2	1	None	1414017751.63
101	2	27	2	1	None	1414017751.66
101	2	27	2	1	None	1414017751.69
101	2	27	2	1	None	1414017751.73
101	2	27	2	1	None	1414017751.76
101	2	27	2	1	None	1414017751.79
101	2	27	2	1	None	1414017751.82
101	2	27	2	1	None	1414017751.85
101	2	27	2	1	None	1414017751.88
101	2	27	2	1	None	1414017751.92
101	2	27	2	1	None	1414017751.95
101	2	27	2	1	None	1414017751.99
101	2	27	2	1	None	1414017752.02
101	2	27	2	1	None	1414017752.05
101	2	27	2	1	None	1414017752.08
101	2	27	2	1	None	1414017752.12
101	2	27	2	1	None	1414017752.15
101	2	27	2	1	None	1414017752.18
101	2	27	2	1	None	1414017752.21
101	2	27	2	1	None	1414017752.25
101	2	27	2	1	None	1414017752.28
101	2	27	2	1	None	1414017752.32
101	2	27	2	1	None	1414017752.35
101	2	27	2	1	None	1414017752.38
101	2	27	2	1	None	1414017752.42
101	2	27	2	1	None	1414017752.45
101	2	27	2	1	None	1414017752.48
101	2	27	2	1	None	1414017752.51
101	2	27	2	1	None	1414017752.55
101	2	27	2	1	None	1414017752.58
101	2	27	2	1	None	1414017752.62
101	2	27	2	1	None	1414017752.65
101	2	27	2	1	None	1414017752.68
101	2	27	2	1	None	1414017752.71
101	2	27	2	1	None	1414017752.75
101	2	27	2	1	None	1414017752.78
101	2	27	2	1	None	1414017752.81
101	2	27	2	1	None	1414017752.85
101	2	27	2	1	None	1414017752.88
101	2	27	2	1	None	1414017752.91
101	2	27	2	1	None	1414017752.94
101	2	27	2	1	None	1414017752.97
101	2	27	2	1	None	1414017753.01
101	2	27	2	1	None	1414017753.05
101	2	27	2	1	None	1414017753.08
101	2	27	2	1	None	1414017753.11
101	2	27	2	1	None	1414017753.14
101	2	27	2	1	None	1414017753.17
101	2	27	2	1	None	1414017753.21
101	2	27	2	1	None	1414017753.24
101	2	27	2	1	None	1414017753.27
101	2	27	2	1	None	1414017753.3
101	2	27	2	1	None	1414017753.34
101	2	27	2	1	None	1414017753.37
101	2	27	2	1	None	1414017753.41
101	2	27	2	1	None	1414017753.44
101	2	27	2	1	None	1414017753.47
101	2	27	2	1	None	1414017753.5
101	2	27	2	1	None	1414017753.54
101	2	27	2	1	None	1414017753.57
101	2	27	2	1	None	1414017753.61
101	2	27	2	1	None	1414017753.66
101	2	27	2	1	None	1414017753.7
101	2	27	2	1	None	1414017753.73
101	2	27	2	1	None	1414017753.77
101	2	27	2	1	None	1414017753.8
101	2	27	2	1	None	1414017753.84
101	2	27	2	1	None	1414017753.87
101	2	27	2	1	None	1414017753.9
101	2	27	2	1	None	1414017753.93
101	2	27	2	1	None	1414017753.96
101	2	27	2	1	None	1414017754
101	2	27	2	1	None	1414017754.03
101	2	27	2	1	None	1414017754.06
101	2	27	2	1	None	1414017754.1
101	2	27	2	1	None	1414017754.13
101	2	27	2	1	None	1414017754.16
101	2	27	2	1	None	1414017754.2
101	2	27	2	1	None	1414017754.23
101	2	27	2	1	None	1414017754.26
101	2	27	2	1	None	1414017754.29
101	2	27	2	1	None	1414017754.32
101	2	27	2	1	None	1414017754.36
101	2	27	2	1	None	1414017754.4
101	2	27	2	1	None	1414017754.43
101	2	27	2	1	None	1414017754.46
101	2	27	2	1	None	1414017754.5
101	2	27	2	1	None	1414017754.53
101	2	27	2	2	None	1414017754.56
101	2	27	2	2	None	1414017754.59
101	2	27	2	2	None	1414017754.63
101	2	27	2	2	None	1414017754.66
101	2	27	2	2	None	1414017754.7
101	2	27	2	2	None	1414017754.73
101	2	27	2	2	None	1414017754.76
101	2	27	2	2	None	1414017754.79
101	2	27	2	2	None	1414017754.83
101	2	27	2	2	None	1414017754.86
101	2	27	2	2	None	1414017754.89
101	2	27	2	2	None	1414017754.92
101	2	27	2	2	None	1414017754.96
101	2	27	2	2	None	1414017754.99
101	2	27	2	2	None	1414017755.03
101	2	27	2	2	None	1414017755.06
101	2	27	2	2	None	1414017755.09
101	2	27	2	2	None	1414017755.12
101	2	27	2	2	None	1414017755.15
101	2	27	2	2	None	1414017755.19
101	2	27	2	2	None	1414017755.22
101	2	27	2	2	None	1414017755.25
101	2	27	2	2	None	1414017755.29
101	2	27	2	2	None	1414017755.32
101	2	27	2	2	None	1414017755.35
101	2	27	2	2	None	1414017755.38
101	2	27	2	2	None	1414017755.41
101	2	27	2	2	None	1414017755.45
101	2	27	2	2	None	1414017755.48
101	2	27	2	2	None	1414017755.52
101	2	27	2	2	None	1414017755.55
101	2	27	2	2	None	1414017755.58
101	2	27	2	2	None	1414017755.61
101	2	27	2	2	None	1414017755.65
101	2	27	2	2	None	1414017755.68
101	2	27	2	2	None	1414017755.72
101	2	27	2	2	None	1414017755.75
101	2	27	2	2	None	1414017755.78
101	2	27	2	2	None	1414017755.82
101	2	27	2	2	None	1414017755.85
101	2	27	2	2	None	1414017755.88
101	2	27	2	2	None	1414017755.91
101	2	27	2	2	None	1414017755.95
101	2	27	2	2	None	1414017755.98
101	2	27	2	2	None	1414017756.01
101	2	27	2	2	None	1414017756.05
101	2	27	2	2	None	1414017756.08
101	2	27	2	2	None	1414017756.11
101	2	27	2	2	None	1414017756.15
101	2	27	2	2	None	1414017756.18
101	2	27	2	2	None	1414017756.21
101	2	27	2	2	None	1414017756.24
101	2	27	2	2	None	1414017756.28
101	2	27	2	2	None	1414017756.31
101	2	27	2	2	None	1414017756.35
101	2	27	2	2	None	1414017756.38
101	2	27	2	2	None	1414017756.41
101	2	27	2	2	None	1414017756.44
101	2	27	2	2	None	1414017756.47
101	2	27	2	2	None	1414017756.51
101	2	27	2	3	None	1414017756.54
101	2	27	2	3	None	1414017756.57
101	2	27	2	3	None	1414017756.6
101	2	27	2	3	None	1414017756.64
101	2	27	2	3	None	1414017756.67
101	2	27	2	3	None	1414017756.7
101	2	27	2	3	None	1414017756.75
101	2	27	2	3	None	1414017756.78
101	2	27	2	3	None	1414017756.81
101	2	27	2	3	None	1414017756.84
101	2	27	2	3	None	1414017756.87
101	2	27	2	3	None	1414017756.9
101	2	27	2	3	None	1414017756.96
101	2	27	2	3	None	1414017757
101	2	27	2	3	None	1414017757.04
101	2	27	2	3	None	1414017757.07
101	2	27	2	3	None	1414017757.1
101	2	27	2	3	None	1414017757.14
101	2	27	2	3	None	1414017757.18
101	2	27	2	3	None	1414017757.21
101	2	27	2	3	None	1414017757.24
101	2	27	2	3	None	1414017757.27
101	2	27	2	3	None	1414017757.3
101	2	27	2	3	None	1414017757.33
101	2	27	2	3	None	1414017757.37
101	2	27	2	3	None	1414017757.4
101	2	27	2	3	None	1414017757.44
101	2	27	2	3	None	1414017757.47
101	2	27	2	3	None	1414017757.5
101	2	27	2	3	None	1414017757.53
101	2	27	2	3	None	1414017757.56
101	2	27	2	3	None	1414017757.59
101	2	27	2	3	None	1414017757.63
101	2	27	2	3	None	1414017757.66
101	2	27	2	3	None	1414017757.7
101	2	27	2	3	None	1414017757.73
101	2	27	2	3	None	1414017757.77
101	2	27	2	3	None	1414017757.8
101	2	27	2	3	None	1414017757.83
101	2	27	2	3	None	1414017757.87
101	2	27	2	3	None	1414017757.9
101	2	27	2	3	None	1414017757.93
101	2	27	2	3	None	1414017757.97
101	2	27	2	3	None	1414017758
101	2	27	2	3	None	1414017758.03
101	2	27	2	3	None	1414017758.06
101	2	27	2	3	None	1414017758.1
101	2	27	2	3	None	1414017758.13
101	2	27	2	3	None	1414017758.16
101	2	27	2	3	None	1414017758.19
101	2	27	2	3	None	1414017758.23
101	2	27	2	3	None	1414017758.26
101	2	27	2	3	None	1414017758.29
101	2	27	2	3	None	1414017758.33
101	2	27	2	3	None	1414017758.36
101	2	27	2	3	None	1414017758.39
101	2	27	2	3	None	1414017758.42
101	2	27	2	3	None	1414017758.46
101	2	27	2	3	None	1414017758.49
101	2	27	2	3	None	1414017758.52
101	2	27	2	3	None	1414017758.56
101	2	27	2	3	None	1414017758.59
101	2	27	2	3	None	1414017758.62
101	2	27	2	3	None	1414017758.65
101	2	27	2	3	None	1414017758.69
101	2	27	2	3	None	1414017758.72
101	2	27	2	3	None	1414017758.75
101	2	27	2	3	None	1414017758.79
101	2	27	2	3	None	1414017758.82
101	2	27	2	3	None	1414017758.85
101	2	27	2	3	None	1414017758.89
101	2	27	2	3	None	1414017758.92
101	2	27	2	3	None	1414017758.96
101	2	27	2	3	None	1414017758.99
101	2	27	3	0	None	1414017759.02
101	2	27	3	0	None	1414017759.05
101	2	27	3	0	None	1414017759.09
101	2	27	3	0	None	1414017759.12
101	2	27	3	0	None	1414017759.15
101	2	27	3	0	None	1414017759.18
101	2	27	3	0	None	1414017759.21
101	2	27	3	0	None	1414017759.25
101	2	27	3	0	None	1414017759.28
101	2	27	3	0	None	1414017759.31
101	2	27	3	0	None	1414017759.34
101	2	27	3	0	None	1414017759.38
101	2	27	3	0	None	1414017759.41
101	2	27	3	0	None	1414017759.44
101	2	27	3	0	None	1414017759.47
101	2	27	3	0	None	1414017759.51
101	2	27	3	0	None	1414017759.55
101	2	27	3	0	None	1414017759.58
101	2	27	3	0	None	1414017759.61
101	2	27	3	0	None	1414017759.64
101	2	27	3	0	None	1414017759.68
101	2	27	3	0	None	1414017759.71
101	2	27	3	0	None	1414017759.75
101	2	27	3	0	None	1414017759.78
101	2	27	3	0	None	1414017759.81
101	2	27	3	0	None	1414017759.84
101	2	27	3	0	None	1414017759.88
101	2	27	3	0	None	1414017759.91
101	2	27	3	0	None	1414017759.94
101	2	27	3	0	None	1414017759.98
101	2	27	3	0	None	1414017760.01
101	2	27	3	0	None	1414017760.04
101	2	27	3	0	None	1414017760.07
101	2	27	3	0	None	1414017760.1
101	2	27	3	0	None	1414017760.14
101	2	27	3	0	None	1414017760.17
101	2	27	3	0	None	1414017760.21
101	2	27	3	0	None	1414017760.27
101	2	27	3	0	None	1414017760.3
101	2	27	3	0	None	1414017760.34
101	2	27	3	0	None	1414017760.37
101	2	27	3	0	None	1414017760.4
101	2	27	3	0	None	1414017760.43
101	2	27	3	0	None	1414017760.47
101	2	27	3	0	None	1414017760.5
101	2	27	3	0	None	1414017760.53
101	2	27	3	0	None	1414017760.56
101	2	27	3	0	None	1414017760.6
101	2	27	3	0	None	1414017760.63
101	2	27	3	0	None	1414017760.67
101	2	27	3	0	None	1414017760.7
101	2	27	3	0	None	1414017760.73
101	2	27	3	0	None	1414017760.77
101	2	27	3	0	None	1414017760.8
101	2	27	3	0	Right	1414017760.83
101	2	27	3	0	Right	1414017760.87
101	2	27	3	0	Right	1414017760.9
101	2	27	3	0	Right	1414017760.94
101	2	27	3	0	Right	1414017760.97
101	2	27	3	0	Right	1414017761
101	2	27	3	0	Right	1414017761.04
101	2	27	3	0	Right	1414017761.07
101	2	27	3	0	Right	1414017761.1
101	2	27	3	0	Right	1414017761.13
101	2	27	3	0	Right	1414017761.17
101	2	27	3	0	Right	1414017761.2
101	2	27	3	0	Right	1414017761.23
101	2	27	3	0	Right	1414017761.27
101	2	27	3	0	Right	1414017761.3
101	2	27	3	0	Right	1414017761.34
101	2	27	3	0	Right	1414017761.37
101	2	27	3	0	Right	1414017761.4
101	2	27	3	0	Right	1414017761.44
101	2	27	3	0	Right	1414017761.47
101	2	27	3	0	Right	1414017761.5
101	2	27	3	0	Right	1414017761.53
101	2	27	3	0	Right	1414017761.56
101	2	27	3	0	Right	1414017761.6
101	2	27	3	0	Right	1414017761.63
101	2	27	3	0	Right	1414017761.67
101	2	27	3	0	Right	1414017761.7
101	2	27	3	0	Right	1414017761.73
101	2	27	3	0	Right	1414017761.77
101	2	27	3	0	Right	1414017761.8
101	2	27	3	0	Right	1414017761.83
101	2	27	3	0	Right	1414017761.86
101	2	27	3	0	Right	1414017761.89
101	2	27	3	0	Right	1414017761.93
101	2	27	3	0	Right	1414017761.96
101	2	27	3	0	Right	1414017761.99
101	2	28	1	0	None	1414017762.03
101	2	28	1	0	None	1414017762.06
101	2	28	1	0	None	1414017762.09
101	2	28	1	0	None	1414017762.12
101	2	28	1	0	None	1414017762.16
101	2	28	1	0	None	1414017762.19
101	2	28	1	0	None	1414017762.22
101	2	28	1	0	None	1414017762.25
101	2	28	1	0	None	1414017762.28
101	2	28	1	0	None	1414017762.32
101	2	28	1	0	None	1414017762.36
101	2	28	1	0	None	1414017762.39
101	2	28	1	0	None	1414017762.42
101	2	28	1	0	None	1414017762.46
101	2	28	1	0	None	1414017762.49
101	2	28	1	0	None	1414017762.53
101	2	28	1	0	None	1414017762.56
101	2	28	1	0	None	1414017762.59
101	2	28	1	0	None	1414017762.63
101	2	28	1	0	None	1414017762.66
101	2	28	1	0	None	1414017762.7
101	2	28	1	0	None	1414017762.73
101	2	28	1	0	None	1414017762.76
101	2	28	1	0	None	1414017762.8
101	2	28	1	0	None	1414017762.83
101	2	28	1	0	None	1414017762.87
101	2	28	1	0	None	1414017762.9
101	2	28	1	0	None	1414017762.93
101	2	28	1	0	None	1414017762.98
101	2	28	1	0	None	1414017763.01
101	2	28	1	0	None	1414017763.05
101	2	28	1	0	None	1414017763.08
101	2	28	1	0	None	1414017763.11
101	2	28	1	0	None	1414017763.15
101	2	28	1	0	None	1414017763.18
101	2	28	1	0	None	1414017763.22
101	2	28	1	0	None	1414017763.25
101	2	28	1	0	None	1414017763.28
101	2	28	1	0	None	1414017763.32
101	2	28	1	0	None	1414017763.35
101	2	28	1	0	None	1414017763.38
101	2	28	1	0	None	1414017763.42
101	2	28	1	0	None	1414017763.45
101	2	28	1	0	None	1414017763.48
101	2	28	1	0	None	1414017763.54
101	2	28	1	0	None	1414017763.57
101	2	28	1	0	None	1414017763.61
101	2	28	1	0	None	1414017763.64
101	2	28	1	0	None	1414017763.68
101	2	28	1	0	None	1414017763.71
101	2	28	1	0	None	1414017763.74
101	2	28	1	0	None	1414017763.78
101	2	28	1	0	None	1414017763.81
101	2	28	1	0	None	1414017763.84
101	2	28	1	0	None	1414017763.88
101	2	28	1	0	None	1414017763.91
101	2	28	1	0	None	1414017763.95
101	2	28	1	0	None	1414017763.98
101	2	28	1	0	None	1414017764.01
101	2	28	1	0	None	1414017764.05
101	2	28	1	0	None	1414017764.08
101	2	28	1	0	None	1414017764.11
101	2	28	1	0	None	1414017764.15
101	2	28	1	0	None	1414017764.19
101	2	28	1	0	None	1414017764.22
101	2	28	1	0	None	1414017764.25
101	2	28	1	0	None	1414017764.28
101	2	28	1	0	None	1414017764.32
101	2	28	1	0	None	1414017764.35
101	2	28	1	0	None	1414017764.39
101	2	28	1	0	None	1414017764.42
101	2	28	1	0	None	1414017764.46
101	2	28	1	0	None	1414017764.5
101	2	28	1	0	None	1414017764.53
101	2	28	1	0	None	1414017764.56
101	2	28	1	0	None	1414017764.6
101	2	28	1	0	None	1414017764.64
101	2	28	1	0	None	1414017764.67
101	2	28	1	0	None	1414017764.7
101	2	28	1	0	None	1414017764.73
101	2	28	1	0	None	1414017764.77
101	2	28	2	1	None	1414017764.81
101	2	28	2	1	None	1414017764.84
101	2	28	2	1	None	1414017764.87
101	2	28	2	1	None	1414017764.91
101	2	28	2	1	None	1414017764.94
101	2	28	2	1	None	1414017764.97
101	2	28	2	1	None	1414017765.01
101	2	28	2	1	None	1414017765.04
101	2	28	2	1	None	1414017765.07
101	2	28	2	1	None	1414017765.11
101	2	28	2	1	None	1414017765.14
101	2	28	2	1	None	1414017765.18
101	2	28	2	1	None	1414017765.21
101	2	28	2	1	None	1414017765.24
101	2	28	2	1	None	1414017765.27
101	2	28	2	1	None	1414017765.31
101	2	28	2	1	None	1414017765.34
101	2	28	2	1	None	1414017765.38
101	2	28	2	1	None	1414017765.42
101	2	28	2	1	None	1414017765.45
101	2	28	2	1	None	1414017765.49
101	2	28	2	1	None	1414017765.53
101	2	28	2	1	None	1414017765.56
101	2	28	2	1	None	1414017765.6
101	2	28	2	1	None	1414017765.63
101	2	28	2	1	None	1414017765.66
101	2	28	2	1	None	1414017765.7
101	2	28	2	1	None	1414017765.73
101	2	28	2	1	None	1414017765.76
101	2	28	2	1	None	1414017765.8
101	2	28	2	1	None	1414017765.84
101	2	28	2	1	None	1414017765.87
101	2	28	2	1	None	1414017765.9
101	2	28	2	1	None	1414017765.94
101	2	28	2	1	None	1414017765.97
101	2	28	2	1	None	1414017766.01
101	2	28	2	1	None	1414017766.05
101	2	28	2	1	None	1414017766.08
101	2	28	2	1	None	1414017766.11
101	2	28	2	1	None	1414017766.14
101	2	28	2	1	None	1414017766.18
101	2	28	2	1	None	1414017766.21
101	2	28	2	1	None	1414017766.25
101	2	28	2	1	None	1414017766.28
101	2	28	2	1	None	1414017766.31
101	2	28	2	1	None	1414017766.35
101	2	28	2	1	None	1414017766.38
101	2	28	2	1	None	1414017766.42
101	2	28	2	1	None	1414017766.45
101	2	28	2	1	None	1414017766.48
101	2	28	2	1	None	1414017766.52
101	2	28	2	1	None	1414017766.55
101	2	28	2	1	None	1414017766.58
101	2	28	2	1	None	1414017766.62
101	2	28	2	1	None	1414017766.65
101	2	28	2	1	None	1414017766.69
101	2	28	2	1	None	1414017766.72
101	2	28	2	1	None	1414017766.76
101	2	28	2	1	None	1414017766.8
101	2	28	2	1	None	1414017766.84
101	2	28	2	1	None	1414017766.87
101	2	28	2	1	None	1414017766.9
101	2	28	2	1	None	1414017766.94
101	2	28	2	1	None	1414017766.97
101	2	28	2	1	None	1414017767
101	2	28	2	1	None	1414017767.04
101	2	28	2	1	None	1414017767.07
101	2	28	2	1	None	1414017767.11
101	2	28	2	1	None	1414017767.14
101	2	28	2	1	None	1414017767.18
101	2	28	2	1	None	1414017767.21
101	2	28	2	1	None	1414017767.25
101	2	28	2	1	None	1414017767.28
101	2	28	2	1	None	1414017767.32
101	2	28	2	1	None	1414017767.35
101	2	28	2	1	None	1414017767.39
101	2	28	2	1	None	1414017767.42
101	2	28	2	1	None	1414017767.46
101	2	28	2	1	None	1414017767.49
101	2	28	2	1	None	1414017767.53
101	2	28	2	1	None	1414017767.56
101	2	28	2	1	None	1414017767.6
101	2	28	2	1	None	1414017767.63
101	2	28	2	1	None	1414017767.66
101	2	28	2	1	None	1414017767.7
101	2	28	2	1	None	1414017767.73
101	2	28	2	1	None	1414017767.77
101	2	28	2	2	None	1414017767.8
101	2	28	2	2	None	1414017767.83
101	2	28	2	2	None	1414017767.87
101	2	28	2	2	None	1414017767.9
101	2	28	2	2	None	1414017767.94
101	2	28	2	2	None	1414017767.97
101	2	28	2	2	None	1414017768.01
101	2	28	2	2	None	1414017768.04
101	2	28	2	2	None	1414017768.07
101	2	28	2	2	None	1414017768.11
101	2	28	2	2	None	1414017768.15
101	2	28	2	2	None	1414017768.18
101	2	28	2	2	None	1414017768.22
101	2	28	2	2	None	1414017768.25
101	2	28	2	2	None	1414017768.29
101	2	28	2	2	None	1414017768.32
101	2	28	2	2	None	1414017768.35
101	2	28	2	2	None	1414017768.39
101	2	28	2	2	None	1414017768.43
101	2	28	2	2	None	1414017768.46
101	2	28	2	2	None	1414017768.49
101	2	28	2	2	None	1414017768.53
101	2	28	2	2	None	1414017768.56
101	2	28	2	2	None	1414017768.59
101	2	28	2	2	None	1414017768.63
101	2	28	2	2	None	1414017768.67
101	2	28	2	2	None	1414017768.7
101	2	28	2	2	None	1414017768.74
101	2	28	2	2	None	1414017768.77
101	2	28	2	2	None	1414017768.81
101	2	28	2	2	None	1414017768.85
101	2	28	2	2	None	1414017768.89
101	2	28	2	2	None	1414017768.92
101	2	28	2	2	None	1414017768.96
101	2	28	2	2	None	1414017768.99
101	2	28	2	2	None	1414017769.03
101	2	28	2	2	None	1414017769.07
101	2	28	2	2	None	1414017769.1
101	2	28	2	2	None	1414017769.14
101	2	28	2	2	None	1414017769.18
101	2	28	2	2	None	1414017769.21
101	2	28	2	2	None	1414017769.24
101	2	28	2	2	None	1414017769.28
101	2	28	2	2	None	1414017769.32
101	2	28	2	2	None	1414017769.35
101	2	28	2	2	None	1414017769.39
101	2	28	2	2	None	1414017769.43
101	2	28	2	2	None	1414017769.46
101	2	28	2	2	None	1414017769.5
101	2	28	2	2	None	1414017769.53
101	2	28	2	2	None	1414017769.57
101	2	28	2	2	None	1414017769.6
101	2	28	2	2	None	1414017769.64
101	2	28	2	2	None	1414017769.67
101	2	28	2	2	None	1414017769.71
101	2	28	2	2	None	1414017769.74
101	2	28	2	2	None	1414017769.78
101	2	28	2	2	None	1414017769.81
101	2	28	2	2	None	1414017769.85
101	2	28	2	2	None	1414017769.88
101	2	28	2	2	None	1414017769.92
101	2	28	2	2	None	1414017769.95
101	2	28	2	2	None	1414017769.98
101	2	28	2	2	None	1414017770.02
101	2	28	2	2	None	1414017770.06
101	2	28	2	2	None	1414017770.1
101	2	28	2	2	None	1414017770.14
101	2	28	2	2	None	1414017770.17
101	2	28	2	2	None	1414017770.21
101	2	28	2	2	None	1414017770.24
101	2	28	2	2	None	1414017770.28
101	2	28	2	2	None	1414017770.31
101	2	28	2	2	None	1414017770.35
101	2	28	2	2	None	1414017770.38
101	2	28	2	2	None	1414017770.42
101	2	28	2	2	None	1414017770.45
101	2	28	2	3	None	1414017770.49
101	2	28	2	3	None	1414017770.53
101	2	28	2	3	None	1414017770.56
101	2	28	2	3	None	1414017770.6
101	2	28	2	3	None	1414017770.63
101	2	28	2	3	None	1414017770.67
101	2	28	2	3	None	1414017770.71
101	2	28	2	3	None	1414017770.74
101	2	28	2	3	None	1414017770.78
101	2	28	2	3	None	1414017770.81
101	2	28	2	3	None	1414017770.84
101	2	28	2	3	None	1414017770.88
101	2	28	2	3	None	1414017770.91
101	2	28	2	3	None	1414017770.95
101	2	28	2	3	None	1414017770.98
101	2	28	2	3	None	1414017771.02
101	2	28	2	3	None	1414017771.06
101	2	28	2	3	None	1414017771.09
101	2	28	2	3	None	1414017771.13
101	2	28	2	3	None	1414017771.16
101	2	28	2	3	None	1414017771.2
101	2	28	2	3	None	1414017771.23
101	2	28	2	3	None	1414017771.27
101	2	28	2	3	None	1414017771.3
101	2	28	2	3	None	1414017771.34
101	2	28	2	3	None	1414017771.37
101	2	28	2	3	None	1414017771.4
101	2	28	2	3	None	1414017771.44
101	2	28	2	3	None	1414017771.47
101	2	28	2	3	None	1414017771.51
101	2	28	2	3	None	1414017771.54
101	2	28	2	3	None	1414017771.58
101	2	28	2	3	None	1414017771.61
101	2	28	2	3	None	1414017771.65
101	2	28	2	3	None	1414017771.68
101	2	28	2	3	None	1414017771.72
101	2	28	2	3	None	1414017771.76
101	2	28	2	3	None	1414017771.79
101	2	28	2	3	None	1414017771.83
101	2	28	2	3	None	1414017771.86
101	2	28	2	3	None	1414017771.9
101	2	28	2	3	None	1414017771.93
101	2	28	2	3	None	1414017771.97
101	2	28	2	3	None	1414017772
101	2	28	2	3	None	1414017772.04
101	2	28	2	3	None	1414017772.07
101	2	28	2	3	None	1414017772.11
101	2	28	2	3	None	1414017772.14
101	2	28	2	3	None	1414017772.18
101	2	28	2	3	None	1414017772.21
101	2	28	2	3	None	1414017772.25
101	2	28	2	3	None	1414017772.29
101	2	28	2	3	None	1414017772.33
101	2	28	2	3	None	1414017772.36
101	2	28	2	3	None	1414017772.4
101	2	28	2	3	None	1414017772.44
101	2	28	2	3	None	1414017772.47
101	2	28	2	3	None	1414017772.51
101	2	28	2	3	None	1414017772.55
101	2	28	2	3	None	1414017772.58
101	2	28	2	3	None	1414017772.62
101	2	28	2	3	None	1414017772.65
101	2	28	2	3	None	1414017772.69
101	2	28	2	3	None	1414017772.72
101	2	28	2	3	None	1414017772.76
101	2	28	2	3	None	1414017772.79
101	2	28	2	3	None	1414017772.83
101	2	28	2	3	None	1414017772.86
101	2	28	3	0	None	1414017772.9
101	2	28	3	0	None	1414017772.93
101	2	28	3	0	None	1414017772.97
101	2	28	3	0	None	1414017773.01
101	2	28	3	0	None	1414017773.04
101	2	28	3	0	None	1414017773.07
101	2	28	3	0	None	1414017773.11
101	2	28	3	0	None	1414017773.15
101	2	28	3	0	None	1414017773.19
101	2	28	3	0	None	1414017773.22
101	2	28	3	0	None	1414017773.26
101	2	28	3	0	None	1414017773.3
101	2	28	3	0	None	1414017773.35
101	2	28	3	0	None	1414017773.41
101	2	28	3	0	None	1414017773.45
101	2	28	3	0	None	1414017773.48
101	2	28	3	0	None	1414017773.52
101	2	28	3	0	None	1414017773.56
101	2	28	3	0	None	1414017773.6
101	2	28	3	0	None	1414017773.64
101	2	28	3	0	None	1414017773.68
101	2	28	3	0	None	1414017773.71
101	2	28	3	0	None	1414017773.76
101	2	28	3	0	None	1414017773.8
101	2	28	3	0	None	1414017773.84
101	2	28	3	0	None	1414017773.88
101	2	28	3	0	None	1414017773.93
101	2	28	3	0	None	1414017773.96
101	2	28	3	0	None	1414017774.01
101	2	28	3	0	None	1414017774.04
101	2	28	3	0	None	1414017774.08
101	2	28	3	0	None	1414017774.12
101	2	28	3	0	Right	1414017774.17
101	2	28	3	0	Right	1414017774.21
101	2	28	3	0	Right	1414017774.24
101	2	28	3	0	Right	1414017774.28
101	2	28	3	0	Right	1414017774.32
101	2	28	3	0	Right	1414017774.36
101	2	28	3	0	Right	1414017774.39
101	2	28	3	0	Right	1414017774.43
101	2	28	3	0	Right	1414017774.47
101	2	28	3	0	Right	1414017774.51
101	2	28	3	0	Right	1414017774.55
101	2	28	3	0	Right	1414017774.59
101	2	28	3	0	Right	1414017774.63
101	2	28	3	0	Right	1414017774.66
101	2	28	3	0	Right	1414017774.7
101	2	28	3	0	Right	1414017774.74
101	2	28	3	0	Right	1414017774.77
101	2	28	3	0	Right	1414017774.81
101	2	28	3	0	Right	1414017774.85
101	2	28	3	0	Right	1414017774.89
101	2	28	3	0	Right	1414017774.93
101	2	28	3	0	Right	1414017774.96
101	2	28	3	0	Right	1414017775
101	2	28	3	0	Right	1414017775.04
101	2	28	3	0	Right	1414017775.08
101	2	28	3	0	Right	1414017775.12
101	2	28	3	0	Right	1414017775.16
101	2	28	3	0	Right	1414017775.19
101	2	28	3	0	Right	1414017775.23
101	2	28	3	0	Right	1414017775.27
101	2	28	3	0	Right	1414017775.31
101	2	28	3	0	Right	1414017775.35
101	2	28	3	0	Right	1414017775.39
101	2	29	1	0	None	1414017775.43
101	2	29	1	0	None	1414017775.47
101	2	29	1	0	None	1414017775.5
101	2	29	1	0	None	1414017775.54
101	2	29	1	0	None	1414017775.58
101	2	29	1	0	None	1414017775.62
101	2	29	1	0	None	1414017775.65
101	2	29	1	0	None	1414017775.69
101	2	29	1	0	None	1414017775.73
101	2	29	1	0	None	1414017775.77
101	2	29	1	0	None	1414017775.81
101	2	29	1	0	None	1414017775.85
101	2	29	1	0	None	1414017775.89
101	2	29	1	0	None	1414017775.93
101	2	29	1	0	None	1414017775.96
101	2	29	1	0	None	1414017776.01
101	2	29	1	0	None	1414017776.04
101	2	29	1	0	None	1414017776.08
101	2	29	1	0	None	1414017776.12
101	2	29	1	0	None	1414017776.16
101	2	29	1	0	None	1414017776.2
101	2	29	1	0	None	1414017776.25
101	2	29	1	0	None	1414017776.29
101	2	29	1	0	None	1414017776.33
101	2	29	1	0	None	1414017776.37
101	2	29	1	0	None	1414017776.41
101	2	29	1	0	None	1414017776.45
101	2	29	1	0	None	1414017776.49
101	2	29	1	0	None	1414017776.52
101	2	29	1	0	None	1414017776.56
101	2	29	1	0	None	1414017776.6
101	2	29	1	0	None	1414017776.64
101	2	29	1	0	None	1414017776.71
101	2	29	1	0	None	1414017776.75
101	2	29	1	0	None	1414017776.78
101	2	29	1	0	None	1414017776.82
101	2	29	1	0	None	1414017776.86
101	2	29	1	0	None	1414017776.9
101	2	29	1	0	None	1414017776.94
101	2	29	1	0	None	1414017776.98
101	2	29	1	0	None	1414017777.02
101	2	29	1	0	None	1414017777.06
101	2	29	1	0	None	1414017777.1
101	2	29	1	0	None	1414017777.13
101	2	29	1	0	None	1414017777.17
101	2	29	1	0	None	1414017777.21
101	2	29	1	0	None	1414017777.25
101	2	29	1	0	None	1414017777.29
101	2	29	1	0	None	1414017777.33
101	2	29	1	0	None	1414017777.37
101	2	29	1	0	None	1414017777.41
101	2	29	1	0	None	1414017777.45
101	2	29	1	0	None	1414017777.49
101	2	29	1	0	None	1414017777.52
101	2	29	1	0	None	1414017777.56
101	2	29	1	0	None	1414017777.6
101	2	29	1	0	None	1414017777.64
101	2	29	1	0	None	1414017777.68
101	2	29	1	0	None	1414017777.72
101	2	29	1	0	None	1414017777.76
101	2	29	1	0	None	1414017777.8
101	2	29	1	0	None	1414017777.84
101	2	29	1	0	None	1414017777.88
101	2	29	1	0	None	1414017777.92
101	2	29	1	0	None	1414017777.96
101	2	29	1	0	None	1414017778
101	2	29	1	0	None	1414017778.03
101	2	29	1	0	None	1414017778.07
101	2	29	1	0	None	1414017778.11
101	2	29	1	0	None	1414017778.15
101	2	29	1	0	None	1414017778.2
101	2	29	2	1	None	1414017778.23
101	2	29	2	1	None	1414017778.27
101	2	29	2	1	None	1414017778.31
101	2	29	2	1	None	1414017778.35
101	2	29	2	1	None	1414017778.39
101	2	29	2	1	None	1414017778.44
101	2	29	2	1	None	1414017778.48
101	2	29	2	1	None	1414017778.52
101	2	29	2	1	None	1414017778.56
101	2	29	2	1	None	1414017778.59
101	2	29	2	1	None	1414017778.63
101	2	29	2	1	None	1414017778.67
101	2	29	2	1	None	1414017778.71
101	2	29	2	1	None	1414017778.75
101	2	29	2	1	None	1414017778.79
101	2	29	2	1	None	1414017778.83
101	2	29	2	1	None	1414017778.87
101	2	29	2	1	None	1414017778.91
101	2	29	2	1	None	1414017778.94
101	2	29	2	1	None	1414017778.98
101	2	29	2	1	None	1414017779.03
101	2	29	2	1	None	1414017779.07
101	2	29	2	1	None	1414017779.11
101	2	29	2	1	None	1414017779.15
101	2	29	2	1	None	1414017779.19
101	2	29	2	1	None	1414017779.22
101	2	29	2	1	None	1414017779.26
101	2	29	2	1	None	1414017779.3
101	2	29	2	1	None	1414017779.34
101	2	29	2	1	None	1414017779.38
101	2	29	2	1	None	1414017779.42
101	2	29	2	1	None	1414017779.46
101	2	29	2	1	None	1414017779.5
101	2	29	2	1	None	1414017779.53
101	2	29	2	1	None	1414017779.57
101	2	29	2	1	None	1414017779.61
101	2	29	2	1	None	1414017779.65
101	2	29	2	1	None	1414017779.69
101	2	29	2	1	None	1414017779.73
101	2	29	2	1	None	1414017779.77
101	2	29	2	1	None	1414017779.81
101	2	29	2	1	None	1414017779.85
101	2	29	2	1	None	1414017779.89
101	2	29	2	1	None	1414017779.93
101	2	29	2	1	None	1414017779.97
101	2	29	2	1	None	1414017780.01
101	2	29	2	1	None	1414017780.05
101	2	29	2	1	None	1414017780.09
101	2	29	2	1	None	1414017780.13
101	2	29	2	1	None	1414017780.17
101	2	29	2	1	None	1414017780.21
101	2	29	2	1	None	1414017780.25
101	2	29	2	1	None	1414017780.29
101	2	29	2	1	None	1414017780.33
101	2	29	2	1	None	1414017780.37
101	2	29	2	1	None	1414017780.41
101	2	29	2	1	None	1414017780.45
101	2	29	2	1	None	1414017780.49
101	2	29	2	1	None	1414017780.54
101	2	29	2	1	None	1414017780.58
101	2	29	2	1	None	1414017780.62
101	2	29	2	1	None	1414017780.66
101	2	29	2	1	None	1414017780.71
101	2	29	2	1	None	1414017780.75
101	2	29	2	1	None	1414017780.79
101	2	29	2	1	None	1414017780.83
101	2	29	2	2	None	1414017780.87
101	2	29	2	2	None	1414017780.91
101	2	29	2	2	None	1414017780.96
101	2	29	2	2	None	1414017781
101	2	29	2	2	None	1414017781.04
101	2	29	2	2	None	1414017781.08
101	2	29	2	2	None	1414017781.12
101	2	29	2	2	None	1414017781.16
101	2	29	2	2	None	1414017781.2
101	2	29	2	2	None	1414017781.24
101	2	29	2	2	None	1414017781.29
101	2	29	2	2	None	1414017781.33
101	2	29	2	2	None	1414017781.37
101	2	29	2	2	None	1414017781.41
101	2	29	2	2	None	1414017781.45
101	2	29	2	2	None	1414017781.49
101	2	29	2	2	None	1414017781.53
101	2	29	2	2	None	1414017781.57
101	2	29	2	2	None	1414017781.61
101	2	29	2	2	None	1414017781.65
101	2	29	2	2	None	1414017781.69
101	2	29	2	2	None	1414017781.72
101	2	29	2	2	None	1414017781.76
101	2	29	2	2	None	1414017781.8
101	2	29	2	2	None	1414017781.85
101	2	29	2	2	None	1414017781.88
101	2	29	2	2	None	1414017781.93
101	2	29	2	2	None	1414017781.97
101	2	29	2	2	None	1414017782.01
101	2	29	2	3	None	1414017782.05
101	2	29	2	3	None	1414017782.09
101	2	29	2	3	None	1414017782.12
101	2	29	2	3	None	1414017782.16
101	2	29	2	3	None	1414017782.2
101	2	29	2	3	None	1414017782.25
101	2	29	2	3	None	1414017782.29
101	2	29	2	3	None	1414017782.33
101	2	29	2	3	None	1414017782.37
101	2	29	2	3	None	1414017782.41
101	2	29	2	3	None	1414017782.45
101	2	29	2	3	None	1414017782.49
101	2	29	2	3	None	1414017782.53
101	2	29	2	3	None	1414017782.57
101	2	29	2	3	None	1414017782.61
101	2	29	2	3	None	1414017782.65
101	2	29	2	3	None	1414017782.69
101	2	29	2	3	None	1414017782.73
101	2	29	2	3	None	1414017782.77
101	2	29	2	3	None	1414017782.82
101	2	29	2	3	None	1414017782.85
101	2	29	2	3	None	1414017782.89
101	2	29	2	3	None	1414017782.93
101	2	29	2	3	None	1414017782.97
101	2	29	2	3	None	1414017783.01
101	2	29	2	3	None	1414017783.05
101	2	29	2	3	None	1414017783.09
101	2	29	2	3	None	1414017783.14
101	2	29	2	3	None	1414017783.17
101	2	29	2	3	None	1414017783.21
101	2	29	2	3	None	1414017783.27
101	2	29	2	3	None	1414017783.31
101	2	29	2	3	None	1414017783.35
101	2	29	2	3	None	1414017783.38
101	2	29	2	3	None	1414017783.42
101	2	29	2	3	None	1414017783.47
101	2	29	2	3	None	1414017783.51
101	2	29	2	3	None	1414017783.55
101	2	29	2	3	None	1414017783.59
101	2	29	2	3	None	1414017783.63
101	2	29	2	3	None	1414017783.67
101	2	29	2	3	None	1414017783.71
101	2	29	2	3	None	1414017783.76
101	2	29	2	3	None	1414017783.8
101	2	29	2	3	None	1414017783.84
101	2	29	2	3	None	1414017783.88
101	2	29	2	3	None	1414017783.92
101	2	29	2	3	None	1414017783.96
101	2	29	2	3	None	1414017784
101	2	29	2	3	None	1414017784.05
101	2	29	2	3	None	1414017784.09
101	2	29	2	3	None	1414017784.13
101	2	29	2	3	None	1414017784.17
101	2	29	2	3	None	1414017784.21
101	2	29	2	3	None	1414017784.25
101	2	29	2	3	None	1414017784.29
101	2	29	2	3	None	1414017784.33
101	2	29	2	3	None	1414017784.37
101	2	29	2	3	None	1414017784.41
101	2	29	2	3	None	1414017784.45
101	2	29	2	3	None	1414017784.49
101	2	29	2	3	None	1414017784.53
101	2	29	2	3	None	1414017784.57
101	2	29	2	3	None	1414017784.61
101	2	29	2	3	None	1414017784.65
101	2	29	2	3	None	1414017784.69
101	2	29	2	3	None	1414017784.73
101	2	29	2	3	None	1414017784.77
101	2	29	3	0	None	1414017784.81
101	2	29	3	0	None	1414017784.85
101	2	29	3	0	None	1414017784.89
101	2	29	3	0	None	1414017784.93
101	2	29	3	0	None	1414017784.97
101	2	29	3	0	None	1414017785.01
101	2	29	3	0	None	1414017785.05
101	2	29	3	0	None	1414017785.1
101	2	29	3	0	None	1414017785.13
101	2	29	3	0	None	1414017785.17
101	2	29	3	0	None	1414017785.21
101	2	29	3	0	None	1414017785.26
101	2	29	3	0	None	1414017785.29
101	2	29	3	0	None	1414017785.33
101	2	29	3	0	None	1414017785.37
101	2	29	3	0	None	1414017785.42
101	2	29	3	0	None	1414017785.46
101	2	29	3	0	None	1414017785.49
101	2	29	3	0	None	1414017785.53
101	2	29	3	0	None	1414017785.57
101	2	29	3	0	None	1414017785.62
101	2	29	3	0	None	1414017785.66
101	2	29	3	0	None	1414017785.7
101	2	29	3	0	None	1414017785.74
101	2	29	3	0	None	1414017785.78
101	2	29	3	0	None	1414017785.82
101	2	29	3	0	None	1414017785.86
101	2	29	3	0	None	1414017785.9
101	2	29	3	0	None	1414017785.94
101	2	29	3	0	None	1414017785.98
101	2	29	3	0	None	1414017786.02
101	2	29	3	0	None	1414017786.06
101	2	29	3	0	None	1414017786.11
101	2	29	3	0	None	1414017786.15
101	2	29	3	0	None	1414017786.19
101	2	29	3	0	None	1414017786.23
101	2	29	3	0	None	1414017786.27
101	2	29	3	0	None	1414017786.31
101	2	29	3	0	None	1414017786.35
101	2	29	3	0	None	1414017786.39
101	2	29	3	0	None	1414017786.44
101	2	29	3	0	None	1414017786.47
101	2	29	3	0	None	1414017786.54
101	2	29	3	0	None	1414017786.58
101	2	29	3	0	None	1414017786.62
101	2	29	3	0	None	1414017786.66
101	2	29	3	0	None	1414017786.7
101	2	29	3	0	None	1414017786.74
101	2	29	3	0	None	1414017786.78
101	2	29	3	0	None	1414017786.82
101	2	29	3	0	None	1414017786.86
101	2	29	3	0	None	1414017786.9
101	2	29	3	0	None	1414017786.94
101	2	29	3	0	None	1414017786.98
101	2	29	3	0	None	1414017787.02
101	2	29	3	0	None	1414017787.07
101	2	29	3	0	None	1414017787.11
101	2	29	3	0	None	1414017787.15
101	2	29	3	0	None	1414017787.2
101	2	29	3	0	None	1414017787.23
101	2	29	3	0	None	1414017787.27
101	2	29	3	0	None	1414017787.33
101	2	29	3	0	Left	1414017787.39
101	2	29	3	0	Left	1414017787.58
101	2	29	3	0	Left	1414017787.76
101	2	29	3	0	Left	1414017787.95
101	2	29	3	0	Left	1414017788.13
101	2	29	3	0	Left	1414017788.31
101	2	30	1	0	None	1414017788.5
101	2	30	1	0	None	1414017788.68
101	2	30	1	0	None	1414017788.87
101	2	30	1	0	None	1414017789.06
101	2	30	1	0	None	1414017789.24
101	2	30	1	0	None	1414017789.42
101	2	30	1	0	None	1414017789.61
101	2	30	1	0	None	1414017789.79
101	2	30	1	0	None	1414017789.97
101	2	30	1	0	None	1414017790.15
101	2	30	1	0	None	1414017790.33
101	2	30	1	0	None	1414017790.52
101	2	30	1	0	None	1414017790.7
101	2	30	1	0	None	1414017790.88
101	2	30	1	0	None	1414017791.07
101	2	30	2	1	None	1414017791.25
101	2	30	2	1	None	1414017791.43
101	2	30	2	1	None	1414017791.62
101	2	30	2	1	None	1414017791.8
101	2	30	2	1	None	1414017791.98
101	2	30	2	1	None	1414017792.17
101	2	30	2	1	None	1414017792.35
101	2	30	2	1	None	1414017792.54
101	2	30	2	1	None	1414017792.72
101	2	30	2	1	None	1414017792.91
101	2	30	2	1	None	1414017793.09
101	2	30	2	1	None	1414017793.27
101	2	30	2	1	None	1414017793.45
101	2	30	2	1	None	1414017793.64
101	2	30	2	1	None	1414017793.82
101	2	30	2	1	None	1414017794
101	2	30	2	1	None	1414017794.18
101	2	30	2	2	None	1414017794.37
101	2	30	2	2	None	1414017794.55
101	2	30	2	2	None	1414017794.74
101	2	30	2	2	None	1414017794.92
101	2	30	2	2	None	1414017795.11
101	2	30	2	2	None	1414017795.29
101	2	30	2	3	None	1414017795.48
101	2	30	2	3	None	1414017795.7
101	2	30	2	3	None	1414017795.91
101	2	30	2	3	None	1414017796.13
101	2	30	2	3	None	1414017796.34
101	2	30	2	3	None	1414017796.56
101	2	30	2	3	None	1414017796.77
101	2	30	2	3	None	1414017796.98
101	2	30	2	3	None	1414017797.19
101	2	30	2	3	None	1414017797.42
101	2	30	2	3	None	1414017797.63
101	2	30	3	0	None	1414017797.84
101	2	30	3	0	None	1414017798.05
101	2	30	3	0	None	1414017798.26
101	2	30	3	0	None	1414017798.48
101	2	30	3	0	None	1414017798.69
101	2	30	3	0	None	1414017798.9
101	2	30	3	0	None	1414017799.11
101	2	30	3	0	None	1414017799.32
101	2	30	3	0	None	1414017799.54
101	2	30	3	0	None	1414017799.74
101	2	30	3	0	None	1414017799.96
101	2	30	3	0	None	1414017800.17
101	2	30	3	0	None	1414017800.42
101	2	30	3	0	Right	1414017800.68
101	2	30	3	0	Right	1414017800.94
101	2	30	3	0	Right	1414017801.19
101	2	30	3	0	Right	1414017801.45
101	2	31	1	0	None	1414017801.7
101	2	31	1	0	None	1414017802.06
101	2	31	1	0	None	1414017802.52
101	2	31	1	0	None	1414017802.99
101	2	31	1	0	None	1414017803.45
101	2	31	1	0	None	1414017803.91
101	2	31	1	0	None	1414017804.38
101	2	31	2	1	None	1414017804.84
101	2	31	2	1	None	1414017805.3
101	2	31	2	1	None	1414017805.77
101	2	31	2	1	None	1414017806.23
101	2	31	2	1	None	1414017806.69
101	2	31	2	1	None	1414017807.16
101	2	31	2	2	None	1414017807.63
101	2	31	2	2	None	1414017808.09
101	2	31	2	2	None	1414017808.56
101	2	31	2	2	None	1414017809.05
101	2	31	2	2	None	1414017809.53
101	2	31	2	3	None	1414017810.01
101	2	31	2	3	None	1414017810.49
101	2	31	2	3	None	1414017810.97
101	2	31	2	3	None	1414017811.45
101	2	31	2	3	None	1414017811.93
101	2	31	3	0	None	1414017812.51
101	2	31	3	0	None	1414017813.09
101	2	31	3	0	Right	1414017813.67
101	2	31	3	0	Right	1414017814.25
101	2	32	1	0	None	1414017814.83
101	2	32	1	0	None	1414017815.41
101	2	32	1	0	None	1414017816
101	2	32	1	0	None	1414017816.57
101	2	32	1	0	None	1414017817.15
101	2	32	2	1	None	1414017817.73
101	2	32	2	1	None	1414017818.31
101	2	32	2	1	None	1414017818.89
101	2	32	2	1	None	1414017819.47
101	2	32	2	1	None	1414017820.05
101	2	32	2	2	None	1414017820.63
101	2	32	2	2	None	1414017821.2
101	2	32	2	2	None	1414017821.78
101	2	32	2	2	None	1414017822.36
101	2	32	2	2	None	1414017822.94
101	2	32	2	3	None	1414017823.52
101	2	32	2	3	None	1414017824.1
101	2	32	2	3	None	1414017824.68
101	2	32	2	3	None	1414017825.25
101	2	32	3	0	None	1414017825.85
101	2	32	3	0	None	1414017826.43
101	2	32	3	0	Right	1414017827.01
101	2	32	3	0	Right	1414017827.58
101	2	32	3	0	Right	1414017828.15
101	2	33	1	0	None	1414017828.73
101	2	33	1	0	None	1414017829.31
101	2	33	1	0	None	1414017829.89
101	2	33	1	0	None	1414017830.46
101	2	33	1	0	None	1414017831.04
101	2	33	2	1	None	1414017831.61
101	2	33	2	1	None	1414017832.19
101	2	33	2	1	None	1414017832.76
101	2	33	2	1	None	1414017833.34
101	2	33	2	1	None	1414017833.92
101	2	33	2	2	None	1414017834.49
101	2	33	2	2	None	1414017835.07
101	2	33	2	2	None	1414017835.65
101	2	33	2	2	None	1414017836.22
101	2	33	2	3	None	1414017836.8
101	2	33	2	3	None	1414017837.37
101	2	33	2	3	None	1414017837.95
101	2	33	2	3	None	1414017838.52
101	2	33	3	0	None	1414017839.1
101	2	33	3	0	None	1414017839.67
101	2	33	3	0	None	1414017840.25
101	2	33	3	0	Left	1414017840.83
101	2	33	3	0	Left	1414017841.4
101	2	34	1	0	None	1414017841.98
101	2	34	1	0	None	1414017842.56
101	2	34	1	0	None	1414017843.16
101	2	34	1	0	None	1414017843.73
101	2	34	1	0	None	1414017844.31
101	2	34	2	1	None	1414017844.88
101	2	34	2	1	None	1414017845.47
101	2	34	2	1	None	1414017846.04
101	2	34	2	1	None	1414017846.61
101	2	34	2	1	None	1414017847.19
101	2	34	2	2	None	1414017847.76
101	2	34	2	2	None	1414017848.34
101	2	34	2	2	None	1414017848.91
101	2	34	2	2	None	1414017849.49
101	2	34	2	3	None	1414017850.06
101	2	34	2	3	None	1414017850.64
101	2	34	2	3	None	1414017851.21
101	2	34	2	3	None	1414017851.79
101	2	34	3	0	None	1414017852.36
101	2	34	3	0	None	1414017852.94
101	2	34	3	0	None	1414017853.51
101	2	34	3	0	Left	1414017854.1
101	2	34	3	0	Left	1414017854.68
101	2	35	1	0	None	1414017855.26
101	2	35	1	0	None	1414017855.85
101	2	35	1	0	None	1414017856.43
101	2	35	1	0	None	1414017857.01
101	2	35	2	1	None	1414017857.59
101	2	35	2	1	None	1414017858.17
101	2	35	2	1	None	1414017858.75
101	2	35	2	1	None	1414017859.33
101	2	35	2	1	None	1414017859.91
101	2	35	2	1	None	1414017860.49
101	2	35	2	2	None	1414017861.07
101	2	35	2	2	None	1414017861.66
101	2	35	2	2	None	1414017862.24
101	2	35	2	2	None	1414017862.81
101	2	35	2	2	None	1414017863.39
101	2	35	2	3	None	1414017863.98
101	2	35	2	3	None	1414017864.56
101	2	35	2	3	None	1414017865.14
101	2	35	2	3	None	1414017865.72
101	2	35	3	0	None	1414017866.3
101	2	35	3	0	None	1414017866.88
101	2	35	3	0	Left	1414017867.46
101	2	35	3	0	Left	1414017868.04
101	2	36	1	0	None	1414017868.62
101	2	36	1	0	None	1414017869.21
101	2	36	1	0	None	1414017869.79
101	2	36	1	0	None	1414017870.37
101	2	36	1	0	None	1414017870.95
101	2	36	2	1	None	1414017871.53
101	2	36	2	1	None	1414017872.11
101	2	36	2	1	None	1414017872.69
101	2	36	2	1	None	1414017873.27
101	2	36	2	1	None	1414017873.86
101	2	36	2	2	None	1414017874.44
101	2	36	2	2	None	1414017875.02
101	2	36	2	3	None	1414017875.6
101	2	36	2	3	None	1414017876.18
101	2	36	2	3	None	1414017876.76
101	2	36	2	3	None	1414017877.34
101	2	36	3	0	None	1414017877.92
101	2	36	3	0	None	1414017878.5
101	2	36	3	0	None	1414017879.08
101	2	36	3	0	None	1414017879.66
101	2	36	3	0	None	1414017880.25
101	2	36	3	0	Left	1414017880.83
101	2	36	3	0	Left	1414017881.41
101	2	37	1	0	None	1414017881.99
101	2	37	1	0	None	1414017882.57
101	2	37	1	0	None	1414017883.15
101	2	37	1	0	None	1414017883.74
101	2	37	1	0	None	1414017884.31
101	2	37	2	1	None	1414017884.89
101	2	37	2	1	None	1414017885.47
101	2	37	2	1	None	1414017886.05
101	2	37	2	1	None	1414017886.63
101	2	37	2	1	None	1414017887.21
101	2	37	2	2	None	1414017887.79
101	2	37	2	2	None	1414017888.37
101	2	37	2	2	None	1414017888.94
101	2	37	2	3	None	1414017889.52
101	2	37	2	3	None	1414017890.11
101	2	37	2	3	None	1414017890.72
101	2	37	3	0	None	1414017891.29
101	2	37	3	0	None	1414017891.87
101	2	37	3	0	None	1414017892.44
101	2	37	3	0	None	1414017893.02
101	2	37	3	0	None	1414017893.6
101	2	37	3	0	Right	1414017894.17
101	2	37	3	0	Right	1414017894.75
101	2	38	1	0	None	1414017895.32
101	2	38	1	0	None	1414017895.9
101	2	38	1	0	None	1414017896.48
101	2	38	1	0	None	1414017897.05
101	2	38	1	0	None	1414017897.63
101	2	38	2	1	None	1414017898.21
101	2	38	2	1	None	1414017898.78
101	2	38	2	1	None	1414017899.36
101	2	38	2	1	None	1414017899.94
101	2	38	2	1	None	1414017900.51
101	2	38	2	2	None	1414017901.09
101	2	38	2	2	None	1414017901.67
101	2	38	2	3	None	1414017902.24
101	2	38	2	3	None	1414017902.82
101	2	38	2	3	None	1414017903.4
101	2	38	2	3	None	1414017903.97
101	2	38	3	0	None	1414017904.55
101	2	38	3	0	None	1414017905.13
101	2	38	3	0	None	1414017905.71
101	2	38	3	0	None	1414017906.28
101	2	38	3	0	None	1414017906.86
101	2	38	3	0	Left	1414017907.44
101	2	38	3	0	Left	1414017908.02
101	2	39	1	0	None	1414017908.59
101	2	39	1	0	None	1414017909.17
101	2	39	1	0	None	1414017909.75
101	2	39	1	0	None	1414017910.33
101	2	39	2	1	None	1414017910.91
101	2	39	2	1	None	1414017911.48
101	2	39	2	1	None	1414017912.06
101	2	39	2	1	None	1414017912.64
101	2	39	2	1	None	1414017913.21
101	2	39	2	2	None	1414017913.8
101	2	39	2	2	None	1414017914.38
101	2	39	2	3	None	1414017914.98
101	2	39	2	3	None	1414017915.56
101	2	39	2	3	None	1414017916.19
101	2	39	2	3	None	1414017916.77
101	2	39	2	3	None	1414017917.35
101	2	39	3	0	None	1414017917.94
101	2	39	3	0	None	1414017918.52
101	2	39	3	0	None	1414017919.1
101	2	39	3	0	None	1414017919.68
101	2	39	3	0	Left	1414017920.26
101	2	39	3	0	Left	1414017920.84
101	2	40	1	0	None	1414017921.43
101	2	40	1	0	None	1414017922.01
101	2	40	1	0	None	1414017922.59
101	2	40	1	0	None	1414017923.17
101	2	40	1	0	None	1414017923.76
101	2	40	2	1	None	1414017924.34
101	2	40	2	1	None	1414017924.92
101	2	40	2	1	None	1414017925.5
101	2	40	2	1	None	1414017926.08
101	2	40	2	1	None	1414017926.68
101	2	40	2	2	None	1414017927.26
101	2	40	2	2	None	1414017927.84
101	2	40	2	2	None	1414017928.42
101	2	40	2	3	None	1414017929.01
101	2	40	2	3	None	1414017929.59
101	2	40	2	3	None	1414017930.17
101	2	40	2	3	None	1414017930.75
101	2	40	3	0	None	1414017931.33
101	2	40	3	0	None	1414017931.91
101	2	40	3	0	None	1414017932.49
101	2	40	3	0	None	1414017933.08
101	2	40	3	0	Left	1414017933.66
101	2	40	3	0	Left	1414017934.25
101	2	41	1	0	None	1414017934.83
101	2	41	1	0	None	1414017935.41
101	2	41	1	0	None	1414017935.98
101	2	41	1	0	None	1414017936.57
101	2	41	1	0	None	1414017937.15
101	2	41	2	1	None	1414017937.73
101	2	41	2	1	None	1414017938.31
101	2	41	2	1	None	1414017938.89
101	2	41	2	1	None	1414017939.47
101	2	41	2	2	None	1414017940.06
101	2	41	2	2	None	1414017940.64
101	2	41	2	3	None	1414017941.22
101	2	41	2	3	None	1414017941.8
101	2	41	2	3	None	1414017942.38
101	2	41	2	3	None	1414017943
101	2	41	2	3	None	1414017943.58
101	2	41	3	0	None	1414017944.15
101	2	41	3	0	None	1414017944.73
101	2	41	3	0	None	1414017945.31
101	2	41	3	0	None	1414017945.89
101	2	41	3	0	None	1414017946.48
101	2	41	3	0	Right	1414017947.06
101	2	42	1	0	None	1414017947.64
101	2	42	1	0	None	1414017948.22
101	2	42	1	0	None	1414017948.8
101	2	42	1	0	None	1414017949.38
101	2	42	1	0	None	1414017949.95
101	2	42	2	1	None	1414017950.53
101	2	42	2	1	None	1414017951.11
101	2	42	2	1	None	1414017951.69
101	2	42	2	1	None	1414017952.26
101	2	42	2	1	None	1414017952.84
101	2	42	2	2	None	1414017953.42
101	2	42	2	2	None	1414017954
101	2	42	2	2	None	1414017954.57
101	2	42	2	3	None	1414017955.15
101	2	42	2	3	None	1414017955.73
101	2	42	2	3	None	1414017956.31
101	2	42	2	3	None	1414017956.89
101	2	42	3	0	None	1414017957.46
101	2	42	3	0	None	1414017958.04
101	2	42	3	0	None	1414017958.61
101	2	42	3	0	None	1414017959.19
101	2	42	3	0	Left	1414017959.77
101	2	42	3	0	Left	1414017960.35
101	2	43	1	0	None	1414017960.93
101	2	43	1	0	None	1414017961.5
101	2	43	1	0	None	1414017962.08
101	2	43	1	0	None	1414017962.66
101	2	43	1	0	None	1414017963.24
101	2	43	2	1	None	1414017963.82
101	2	43	2	1	None	1414017964.39
101	2	43	2	1	None	1414017964.97
101	2	43	2	1	None	1414017965.55
101	2	43	2	2	None	1414017966.13
101	2	43	2	2	None	1414017966.7
101	2	43	2	2	None	1414017967.28
101	2	43	2	2	None	1414017967.86
101	2	43	2	3	None	1414017968.43
101	2	43	2	3	None	1414017969.01
101	2	43	2	3	None	1414017969.59
101	2	43	2	3	None	1414017970.17
101	2	43	2	3	None	1414017970.75
101	2	43	3	0	None	1414017971.32
101	2	43	3	0	None	1414017971.9
101	2	43	3	0	None	1414017972.48
101	2	43	3	0	Right	1414017973.06
101	2	43	3	0	Right	1414017973.64
101	2	44	1	0	None	1414017974.23
101	2	44	1	0	None	1414017974.81
101	2	44	1	0	None	1414017975.4
101	2	44	1	0	None	1414017975.98
101	2	44	2	1	None	1414017976.57
101	2	44	2	1	None	1414017977.15
101	2	44	2	1	None	1414017977.73
101	2	44	2	1	None	1414017978.32
101	2	44	2	1	None	1414017978.9
101	2	44	2	1	None	1414017979.48
101	2	44	2	2	None	1414017980.07
101	2	44	2	2	None	1414017980.65
101	2	44	2	2	None	1414017981.23
101	2	44	2	3	None	1414017981.81
101	2	44	2	3	None	1414017982.39
101	2	44	2	3	None	1414017982.98
101	2	44	3	0	None	1414017983.56
101	2	44	3	0	None	1414017984.15
101	2	44	3	0	None	1414017984.73
101	2	44	3	0	None	1414017985.31
101	2	44	3	0	Right	1414017985.89
101	2	44	3	0	Right	1414017986.47
101	2	44	3	0	Right	1414017987.05
101	2	45	1	0	None	1414017987.64
101	2	45	1	0	None	1414017988.22
101	2	45	1	0	None	1414017988.8
101	2	45	1	0	None	1414017989.38
101	2	45	1	0	None	1414017989.96
101	2	45	2	1	None	1414017990.55
101	2	45	2	1	None	1414017991.13
101	2	45	2	1	None	1414017991.71
101	2	45	2	1	None	1414017992.29
101	2	45	2	2	None	1414017992.87
101	2	45	2	2	None	1414017993.45
101	2	45	2	3	None	1414017994.04
101	2	45	2	3	None	1414017994.62
101	2	45	2	3	None	1414017995.2
101	2	45	2	3	None	1414017995.79
101	2	45	3	0	None	1414017996.37
101	2	45	3	0	None	1414017996.95
101	2	45	3	0	None	1414017997.53
101	2	45	3	0	None	1414017998.11
101	2	45	3	0	None	1414017998.7
101	2	45	3	0	None	1414017999.28
101	2	45	3	0	Right	1414017999.86
101	2	45	3	0	Right	1414018000.45
101	2	46	1	0	None	1414018001.03
101	2	46	1	0	None	1414018001.62
101	2	46	1	0	None	1414018002.2
101	2	46	1	0	None	1414018002.78
101	2	46	1	0	None	1414018003.36
101	2	46	2	1	None	1414018003.94
101	2	46	2	1	None	1414018004.52
101	2	46	2	1	None	1414018005.1
101	2	46	2	1	None	1414018005.68
101	2	46	2	1	None	1414018006.26
101	2	46	2	2	None	1414018006.84
101	2	46	2	2	None	1414018007.41
101	2	46	2	2	None	1414018007.99
101	2	46	2	3	None	1414018008.57
101	2	46	2	3	None	1414018009.16
101	2	46	2	3	None	1414018009.74
101	2	46	2	3	None	1414018010.33
101	2	46	3	0	None	1414018010.91
101	2	46	3	0	None	1414018011.5
101	2	46	3	0	None	1414018012.08
101	2	46	3	0	None	1414018012.66
101	2	46	3	0	Right	1414018013.24
101	2	46	3	0	Right	1414018013.82
101	2	46	3	0	Right	1414018014.41
101	2	47	1	0	None	1414018014.99
101	2	47	1	0	None	1414018015.58
101	2	47	1	0	None	1414018016.17
101	2	47	1	0	None	1414018016.75
101	2	47	2	1	None	1414018017.33
101	2	47	2	1	None	1414018017.92
101	2	47	2	1	None	1414018018.51
101	2	47	2	1	None	1414018019.09
101	2	47	2	2	None	1414018019.67
101	2	47	2	2	None	1414018020.25
101	2	47	2	2	None	1414018020.83
101	2	47	2	2	None	1414018021.42
101	2	47	2	3	None	1414018022
101	2	47	2	3	None	1414018022.59
101	2	47	2	3	None	1414018023.17
101	2	47	2	3	None	1414018023.75
101	2	47	2	3	None	1414018024.34
101	2	47	3	0	None	1414018024.92
101	2	47	3	0	None	1414018025.5
101	2	47	3	0	None	1414018026.08
101	2	47	3	0	Left	1414018026.67
101	2	47	3	0	Left	1414018027.25
101	2	48	1	0	None	1414018027.84
101	2	48	1	0	None	1414018028.42
101	2	48	1	0	None	1414018029.01
101	2	48	1	0	None	1414018029.59
101	2	48	1	0	None	1414018030.17
101	2	48	2	1	None	1414018030.75
101	2	48	2	1	None	1414018031.33
101	2	48	2	1	None	1414018031.92
101	2	48	2	1	None	1414018032.5
101	2	48	2	1	None	1414018033.09
101	2	48	2	1	None	1414018033.67
101	2	48	2	2	None	1414018034.25
101	2	48	2	2	None	1414018034.83
101	2	48	2	2	None	1414018035.41
101	2	48	2	3	None	1414018035.99
101	2	48	2	3	None	1414018036.58
101	2	48	2	3	None	1414018037.16
101	2	48	2	3	None	1414018037.73
101	2	48	3	0	None	1414018038.31
101	2	48	3	0	None	1414018038.89
101	2	48	3	0	None	1414018039.47
101	2	48	3	0	Left	1414018040.05
101	2	48	3	0	Left	1414018040.62
101	2	49	1	0	None	1414018041.2
101	2	49	1	0	None	1414018041.78
101	2	49	1	0	None	1414018042.35
101	2	49	1	0	None	1414018042.93
101	2	49	2	1	None	1414018043.51
101	2	49	2	1	None	1414018044.09
101	2	49	2	1	None	1414018044.67
101	2	49	2	1	None	1414018045.24
101	2	49	2	1	None	1414018045.82
101	2	49	2	2	None	1414018046.4
101	2	49	2	3	None	1414018046.97
101	2	49	2	3	None	1414018047.55
101	2	49	2	3	None	1414018048.13
101	2	49	2	3	None	1414018048.71
101	2	49	2	3	None	1414018049.29
101	2	49	3	0	None	1414018049.87
101	2	49	3	0	None	1414018050.45
101	2	49	3	0	None	1414018051.03
101	2	49	3	0	None	1414018051.61
101	2	49	3	0	None	1414018052.19
101	2	49	3	0	Left	1414018052.77
101	2	49	3	0	Left	1414018053.34
101	2	50	1	0	None	1414018053.92
101	2	50	1	0	None	1414018054.5
101	2	50	1	0	None	1414018055.08
101	2	50	1	0	None	1414018055.65
101	2	50	1	0	None	1414018056.23
101	2	50	2	1	None	1414018056.81
101	2	50	2	1	None	1414018057.39
101	2	50	2	1	None	1414018057.97
101	2	50	2	1	None	1414018058.54
101	2	50	2	1	None	1414018059.12
101	2	50	2	2	None	1414018059.71
101	2	50	2	2	None	1414018060.28
101	2	50	2	3	None	1414018060.86
101	2	50	2	3	None	1414018061.44
101	2	50	2	3	None	1414018062.02
101	2	50	2	3	None	1414018062.6
101	2	50	3	0	None	1414018063.18
101	2	50	3	0	None	1414018063.76
101	2	50	3	0	None	1414018064.34
101	2	50	3	0	None	1414018064.91
101	2	50	3	0	None	1414018065.49
101	2	50	3	0	Left	1414018066.07
101	2	50	3	0	Left	1414018066.65
101	2	50	3	0	Left	1414018067.23
101	2	50	3	0	Left	1414018067.88
