SID	Run	Trial	Stage	Expression	Decision	Time
101	3	51	1	0	None	1414018186.59
101	3	51	1	0	None	1414018186.65
101	3	51	1	0	None	1414018186.68
101	3	51	1	0	None	1414018186.71
101	3	51	1	0	None	1414018186.74
101	3	51	1	0	None	1414018186.77
101	3	51	1	0	None	1414018186.8
101	3	51	1	0	None	1414018186.84
101	3	51	1	0	None	1414018186.87
101	3	51	1	0	None	1414018186.9
101	3	51	1	0	None	1414018186.94
101	3	51	1	0	None	1414018186.97
101	3	51	1	0	None	1414018187
101	3	51	1	0	None	1414018187.04
101	3	51	1	0	None	1414018187.07
101	3	51	1	0	None	1414018187.1
101	3	51	1	0	None	1414018187.13
101	3	51	1	0	None	1414018187.17
101	3	51	1	0	None	1414018187.21
101	3	51	1	0	None	1414018187.23
101	3	51	1	0	None	1414018187.27
101	3	51	1	0	None	1414018187.3
101	3	51	1	0	None	1414018187.33
101	3	51	1	0	None	1414018187.36
101	3	51	1	0	None	1414018187.4
101	3	51	1	0	None	1414018187.44
101	3	51	1	0	None	1414018187.47
101	3	51	1	0	None	1414018187.49
101	3	51	1	0	None	1414018187.53
101	3	51	1	0	None	1414018187.56
101	3	51	1	0	None	1414018187.59
101	3	51	1	0	None	1414018187.63
101	3	51	1	0	None	1414018187.67
101	3	51	1	0	None	1414018187.7
101	3	51	1	0	None	1414018187.74
101	3	51	1	0	None	1414018187.77
101	3	51	1	0	None	1414018187.79
101	3	51	1	0	None	1414018187.83
101	3	51	1	0	None	1414018187.87
101	3	51	1	0	None	1414018187.89
101	3	51	1	0	None	1414018187.92
101	3	51	1	0	None	1414018187.96
101	3	51	1	0	None	1414018187.99
101	3	51	1	0	None	1414018188.03
101	3	51	1	0	None	1414018188.06
101	3	51	1	0	None	1414018188.1
101	3	51	1	0	None	1414018188.13
101	3	51	1	0	None	1414018188.16
101	3	51	1	0	None	1414018188.19
101	3	51	1	0	None	1414018188.23
101	3	51	1	0	None	1414018188.25
101	3	51	2	1	None	1414018188.29
101	3	51	2	1	None	1414018188.32
101	3	51	2	1	None	1414018188.35
101	3	51	2	1	None	1414018188.38
101	3	51	2	1	None	1414018188.42
101	3	51	2	1	None	1414018188.46
101	3	51	2	1	None	1414018188.49
101	3	51	2	1	None	1414018188.53
101	3	51	2	1	None	1414018188.56
101	3	51	2	1	None	1414018188.59
101	3	51	2	1	None	1414018188.62
101	3	51	2	1	None	1414018188.66
101	3	51	2	1	None	1414018188.69
101	3	51	2	1	None	1414018188.72
101	3	51	2	1	None	1414018188.75
101	3	51	2	1	None	1414018188.78
101	3	51	2	1	None	1414018188.82
101	3	51	2	1	None	1414018188.85
101	3	51	2	1	None	1414018188.89
101	3	51	2	1	None	1414018188.92
101	3	51	2	1	None	1414018188.95
101	3	51	2	1	None	1414018188.98
101	3	51	2	1	None	1414018189.01
101	3	51	2	1	None	1414018189.05
101	3	51	2	1	None	1414018189.09
101	3	51	2	1	None	1414018189.12
101	3	51	2	1	None	1414018189.15
101	3	51	2	1	None	1414018189.18
101	3	51	2	1	None	1414018189.22
101	3	51	2	1	None	1414018189.25
101	3	51	2	1	None	1414018189.28
101	3	51	2	1	None	1414018189.32
101	3	51	2	1	None	1414018189.35
101	3	51	2	1	None	1414018189.38
101	3	51	2	1	None	1414018189.41
101	3	51	2	1	None	1414018189.44
101	3	51	2	1	None	1414018189.48
101	3	51	2	1	None	1414018189.52
101	3	51	2	1	None	1414018189.55
101	3	51	2	1	None	1414018189.58
101	3	51	2	1	None	1414018189.61
101	3	51	2	1	None	1414018189.65
101	3	51	2	1	None	1414018189.68
101	3	51	2	1	None	1414018189.71
101	3	51	2	1	None	1414018189.74
101	3	51	2	1	None	1414018189.77
101	3	51	2	1	None	1414018189.81
101	3	51	2	1	None	1414018189.84
101	3	51	2	1	None	1414018189.88
101	3	51	2	1	None	1414018189.94
101	3	51	2	1	None	1414018189.98
101	3	51	2	1	None	1414018190.01
101	3	51	2	1	None	1414018190.04
101	3	51	2	1	None	1414018190.07
101	3	51	2	1	None	1414018190.11
101	3	51	2	1	None	1414018190.13
101	3	51	2	1	None	1414018190.17
101	3	51	2	1	None	1414018190.21
101	3	51	2	1	None	1414018190.24
101	3	51	2	1	None	1414018190.27
101	3	51	2	1	None	1414018190.3
101	3	51	2	1	None	1414018190.34
101	3	51	2	1	None	1414018190.37
101	3	51	2	1	None	1414018190.41
101	3	51	2	1	None	1414018190.44
101	3	51	2	1	None	1414018190.47
101	3	51	2	1	None	1414018190.5
101	3	51	2	1	None	1414018190.54
101	3	51	2	1	None	1414018190.57
101	3	51	2	1	None	1414018190.6
101	3	51	2	1	None	1414018190.63
101	3	51	2	1	None	1414018190.66
101	3	51	2	1	None	1414018190.7
101	3	51	2	1	None	1414018190.73
101	3	51	2	1	None	1414018190.77
101	3	51	2	1	None	1414018190.8
101	3	51	2	1	None	1414018190.83
101	3	51	2	2	None	1414018190.86
101	3	51	2	2	None	1414018190.9
101	3	51	2	2	None	1414018190.93
101	3	51	2	2	None	1414018190.96
101	3	51	2	2	None	1414018190.99
101	3	51	2	2	None	1414018191.03
101	3	51	2	2	None	1414018191.06
101	3	51	2	2	None	1414018191.1
101	3	51	2	2	None	1414018191.13
101	3	51	2	2	None	1414018191.15
101	3	51	2	2	None	1414018191.19
101	3	51	2	2	None	1414018191.23
101	3	51	2	2	None	1414018191.26
101	3	51	2	2	None	1414018191.3
101	3	51	2	2	None	1414018191.33
101	3	51	2	2	None	1414018191.36
101	3	51	2	2	None	1414018191.39
101	3	51	2	2	None	1414018191.42
101	3	51	2	2	None	1414018191.46
101	3	51	2	2	None	1414018191.49
101	3	51	2	2	None	1414018191.53
101	3	51	2	2	None	1414018191.56
101	3	51	2	2	None	1414018191.59
101	3	51	2	2	None	1414018191.62
101	3	51	2	2	None	1414018191.66
101	3	51	2	2	None	1414018191.69
101	3	51	2	2	None	1414018191.73
101	3	51	2	2	None	1414018191.75
101	3	51	2	2	None	1414018191.78
101	3	51	2	2	None	1414018191.82
101	3	51	2	2	None	1414018191.85
101	3	51	2	2	None	1414018191.89
101	3	51	2	2	None	1414018191.93
101	3	51	2	2	None	1414018191.96
101	3	51	2	2	None	1414018191.99
101	3	51	2	2	None	1414018192.02
101	3	51	2	2	None	1414018192.05
101	3	51	2	2	None	1414018192.09
101	3	51	2	2	None	1414018192.12
101	3	51	2	2	None	1414018192.15
101	3	51	2	2	None	1414018192.18
101	3	51	2	2	None	1414018192.22
101	3	51	2	2	None	1414018192.26
101	3	51	2	2	None	1414018192.29
101	3	51	2	2	None	1414018192.32
101	3	51	2	2	None	1414018192.34
101	3	51	2	3	None	1414018192.38
101	3	51	2	3	None	1414018192.42
101	3	51	2	3	None	1414018192.45
101	3	51	2	3	None	1414018192.48
101	3	51	2	3	None	1414018192.51
101	3	51	2	3	None	1414018192.55
101	3	51	2	3	None	1414018192.59
101	3	51	2	3	None	1414018192.61
101	3	51	2	3	None	1414018192.65
101	3	51	2	3	None	1414018192.68
101	3	51	2	3	None	1414018192.71
101	3	51	2	3	None	1414018192.75
101	3	51	2	3	None	1414018192.78
101	3	51	2	3	None	1414018192.82
101	3	51	2	3	None	1414018192.85
101	3	51	2	3	None	1414018192.88
101	3	51	2	3	None	1414018192.91
101	3	51	2	3	None	1414018192.95
101	3	51	2	3	None	1414018192.98
101	3	51	2	3	None	1414018193.01
101	3	51	2	3	None	1414018193.04
101	3	51	2	3	None	1414018193.07
101	3	51	2	3	None	1414018193.11
101	3	51	2	3	None	1414018193.15
101	3	51	2	3	None	1414018193.18
101	3	51	2	3	None	1414018193.24
101	3	51	2	3	None	1414018193.27
101	3	51	2	3	None	1414018193.3
101	3	51	2	3	None	1414018193.34
101	3	51	2	3	None	1414018193.38
101	3	51	2	3	None	1414018193.41
101	3	51	2	3	None	1414018193.44
101	3	51	2	3	None	1414018193.47
101	3	51	2	3	None	1414018193.5
101	3	51	2	3	None	1414018193.54
101	3	51	2	3	None	1414018193.57
101	3	51	2	3	None	1414018193.61
101	3	51	2	3	None	1414018193.64
101	3	51	2	3	None	1414018193.67
101	3	51	2	3	None	1414018193.7
101	3	51	2	3	None	1414018193.73
101	3	51	2	3	None	1414018193.77
101	3	51	2	3	None	1414018193.81
101	3	51	2	3	None	1414018193.83
101	3	51	2	3	None	1414018193.87
101	3	51	2	3	None	1414018193.9
101	3	51	2	3	None	1414018193.93
101	3	51	2	3	None	1414018193.97
101	3	51	2	3	None	1414018194
101	3	51	2	3	None	1414018194.04
101	3	51	2	3	None	1414018194.07
101	3	51	2	3	None	1414018194.11
101	3	51	2	3	None	1414018194.14
101	3	51	2	3	None	1414018194.17
101	3	51	2	3	None	1414018194.2
101	3	51	2	3	None	1414018194.24
101	3	51	2	3	None	1414018194.27
101	3	51	2	3	None	1414018194.3
101	3	51	2	3	None	1414018194.33
101	3	51	2	3	None	1414018194.37
101	3	51	2	3	None	1414018194.39
101	3	51	2	3	None	1414018194.43
101	3	51	2	3	None	1414018194.46
101	3	51	2	3	None	1414018194.49
101	3	51	2	3	None	1414018194.53
101	3	51	2	3	None	1414018194.56
101	3	51	3	0	None	1414018194.59
101	3	51	3	0	None	1414018194.63
101	3	51	3	0	None	1414018194.67
101	3	51	3	0	None	1414018194.7
101	3	51	3	0	None	1414018194.73
101	3	51	3	0	None	1414018194.76
101	3	51	3	0	None	1414018194.79
101	3	51	3	0	None	1414018194.83
101	3	51	3	0	None	1414018194.86
101	3	51	3	0	None	1414018194.89
101	3	51	3	0	None	1414018194.92
101	3	51	3	0	None	1414018194.96
101	3	51	3	0	None	1414018194.99
101	3	51	3	0	None	1414018195.03
101	3	51	3	0	None	1414018195.06
101	3	51	3	0	None	1414018195.09
101	3	51	3	0	None	1414018195.12
101	3	51	3	0	None	1414018195.16
101	3	51	3	0	None	1414018195.19
101	3	51	3	0	None	1414018195.23
101	3	51	3	0	None	1414018195.26
101	3	51	3	0	None	1414018195.29
101	3	51	3	0	None	1414018195.32
101	3	51	3	0	None	1414018195.35
101	3	51	3	0	None	1414018195.39
101	3	51	3	0	None	1414018195.42
101	3	51	3	0	None	1414018195.46
101	3	51	3	0	None	1414018195.49
101	3	51	3	0	None	1414018195.51
101	3	51	3	0	None	1414018195.55
101	3	51	3	0	None	1414018195.58
101	3	51	3	0	None	1414018195.62
101	3	51	3	0	None	1414018195.66
101	3	51	3	0	None	1414018195.69
101	3	51	3	0	None	1414018195.71
101	3	51	3	0	None	1414018195.75
101	3	51	3	0	None	1414018195.78
101	3	51	3	0	None	1414018195.82
101	3	51	3	0	None	1414018195.86
101	3	51	3	0	None	1414018195.89
101	3	51	3	0	None	1414018195.92
101	3	51	3	0	None	1414018195.95
101	3	51	3	0	None	1414018195.98
101	3	51	3	0	None	1414018196.01
101	3	51	3	0	None	1414018196.05
101	3	51	3	0	None	1414018196.08
101	3	51	3	0	None	1414018196.11
101	3	51	3	0	None	1414018196.15
101	3	51	3	0	None	1414018196.18
101	3	51	3	0	None	1414018196.22
101	3	51	3	0	None	1414018196.25
101	3	51	3	0	None	1414018196.28
101	3	51	3	0	None	1414018196.31
101	3	51	3	0	None	1414018196.34
101	3	51	3	0	None	1414018196.38
101	3	51	3	0	None	1414018196.42
101	3	51	3	0	None	1414018196.44
101	3	51	3	0	None	1414018196.5
101	3	51	3	0	None	1414018196.54
101	3	51	3	0	None	1414018196.57
101	3	51	3	0	None	1414018196.61
101	3	51	3	0	None	1414018196.64
101	3	51	3	0	None	1414018196.68
101	3	51	3	0	None	1414018196.71
101	3	51	3	0	None	1414018196.74
101	3	51	3	0	None	1414018196.77
101	3	51	3	0	Right	1414018196.8
101	3	51	3	0	Right	1414018196.84
101	3	51	3	0	Right	1414018196.88
101	3	51	3	0	Right	1414018196.91
101	3	51	3	0	Right	1414018196.94
101	3	51	3	0	Right	1414018196.97
101	3	51	3	0	Right	1414018197
101	3	51	3	0	Right	1414018197.04
101	3	51	3	0	Right	1414018197.07
101	3	51	3	0	Right	1414018197.11
101	3	51	3	0	Right	1414018197.14
101	3	51	3	0	Right	1414018197.17
101	3	51	3	0	Right	1414018197.2
101	3	51	3	0	Right	1414018197.24
101	3	51	3	0	Right	1414018197.27
101	3	51	3	0	Right	1414018197.31
101	3	51	3	0	Right	1414018197.34
101	3	51	3	0	Right	1414018197.36
101	3	51	3	0	Right	1414018197.4
101	3	51	3	0	Right	1414018197.43
101	3	51	3	0	Right	1414018197.47
101	3	51	3	0	Right	1414018197.5
101	3	51	3	0	Right	1414018197.53
101	3	51	3	0	Right	1414018197.57
101	3	51	3	0	Right	1414018197.6
101	3	51	3	0	Right	1414018197.63
101	3	51	3	0	Right	1414018197.66
101	3	51	3	0	Right	1414018197.7
101	3	51	3	0	Right	1414018197.73
101	3	51	3	0	Right	1414018197.76
101	3	51	3	0	Right	1414018197.8
101	3	51	3	0	Right	1414018197.83
101	3	51	3	0	Right	1414018197.87
101	3	51	3	0	Right	1414018197.9
101	3	52	1	0	None	1414018197.93
101	3	52	1	0	None	1414018197.96
101	3	52	1	0	None	1414018197.99
101	3	52	1	0	None	1414018198.03
101	3	52	1	0	None	1414018198.07
101	3	52	1	0	None	1414018198.1
101	3	52	1	0	None	1414018198.13
101	3	52	1	0	None	1414018198.16
101	3	52	1	0	None	1414018198.19
101	3	52	1	0	None	1414018198.23
101	3	52	1	0	None	1414018198.26
101	3	52	1	0	None	1414018198.3
101	3	52	1	0	None	1414018198.33
101	3	52	1	0	None	1414018198.36
101	3	52	1	0	None	1414018198.39
101	3	52	1	0	None	1414018198.43
101	3	52	1	0	None	1414018198.46
101	3	52	1	0	None	1414018198.49
101	3	52	1	0	None	1414018198.52
101	3	52	1	0	None	1414018198.55
101	3	52	1	0	None	1414018198.59
101	3	52	1	0	None	1414018198.63
101	3	52	1	0	None	1414018198.65
101	3	52	1	0	None	1414018198.69
101	3	52	1	0	None	1414018198.72
101	3	52	1	0	None	1414018198.75
101	3	52	1	0	None	1414018198.78
101	3	52	1	0	None	1414018198.82
101	3	52	1	0	None	1414018198.86
101	3	52	1	0	None	1414018198.89
101	3	52	1	0	None	1414018198.92
101	3	52	1	0	None	1414018198.95
101	3	52	1	0	None	1414018198.98
101	3	52	1	0	None	1414018199.01
101	3	52	1	0	None	1414018199.05
101	3	52	1	0	None	1414018199.08
101	3	52	1	0	None	1414018199.12
101	3	52	1	0	None	1414018199.15
101	3	52	1	0	None	1414018199.18
101	3	52	1	0	None	1414018199.22
101	3	52	1	0	None	1414018199.25
101	3	52	1	0	None	1414018199.28
101	3	52	1	0	None	1414018199.31
101	3	52	1	0	None	1414018199.35
101	3	52	1	0	None	1414018199.38
101	3	52	1	0	None	1414018199.41
101	3	52	1	0	None	1414018199.45
101	3	52	1	0	None	1414018199.48
101	3	52	1	0	None	1414018199.51
101	3	52	1	0	None	1414018199.55
101	3	52	1	0	None	1414018199.58
101	3	52	1	0	None	1414018199.61
101	3	52	1	0	None	1414018199.64
101	3	52	1	0	None	1414018199.68
101	3	52	1	0	None	1414018199.71
101	3	52	1	0	None	1414018199.75
101	3	52	1	0	None	1414018199.81
101	3	52	1	0	None	1414018199.83
101	3	52	1	0	None	1414018199.87
101	3	52	1	0	None	1414018199.9
101	3	52	1	0	None	1414018199.94
101	3	52	1	0	None	1414018199.97
101	3	52	1	0	None	1414018200
101	3	52	1	0	None	1414018200.04
101	3	52	1	0	None	1414018200.07
101	3	52	1	0	None	1414018200.1
101	3	52	1	0	None	1414018200.14
101	3	52	1	0	None	1414018200.18
101	3	52	1	0	None	1414018200.21
101	3	52	1	0	None	1414018200.24
101	3	52	1	0	None	1414018200.27
101	3	52	1	0	None	1414018200.3
101	3	52	1	0	None	1414018200.34
101	3	52	1	0	None	1414018200.38
101	3	52	1	0	None	1414018200.41
101	3	52	1	0	None	1414018200.44
101	3	52	1	0	None	1414018200.47
101	3	52	1	0	None	1414018200.5
101	3	52	1	0	None	1414018200.54
101	3	52	1	0	None	1414018200.57
101	3	52	1	0	None	1414018200.6
101	3	52	1	0	None	1414018200.64
101	3	52	1	0	None	1414018200.67
101	3	52	1	0	None	1414018200.7
101	3	52	2	1	None	1414018200.73
101	3	52	2	1	None	1414018200.77
101	3	52	2	1	None	1414018200.8
101	3	52	2	1	None	1414018200.83
101	3	52	2	1	None	1414018200.87
101	3	52	2	1	None	1414018200.9
101	3	52	2	1	None	1414018200.93
101	3	52	2	1	None	1414018200.97
101	3	52	2	1	None	1414018201
101	3	52	2	1	None	1414018201.03
101	3	52	2	1	None	1414018201.06
101	3	52	2	1	None	1414018201.1
101	3	52	2	1	None	1414018201.13
101	3	52	2	1	None	1414018201.16
101	3	52	2	1	None	1414018201.19
101	3	52	2	1	None	1414018201.22
101	3	52	2	1	None	1414018201.26
101	3	52	2	1	None	1414018201.3
101	3	52	2	1	None	1414018201.32
101	3	52	2	1	None	1414018201.36
101	3	52	2	1	None	1414018201.39
101	3	52	2	1	None	1414018201.42
101	3	52	2	1	None	1414018201.46
101	3	52	2	1	None	1414018201.49
101	3	52	2	1	None	1414018201.53
101	3	52	2	1	None	1414018201.56
101	3	52	2	1	None	1414018201.59
101	3	52	2	1	None	1414018201.63
101	3	52	2	1	None	1414018201.66
101	3	52	2	1	None	1414018201.69
101	3	52	2	1	None	1414018201.72
101	3	52	2	1	None	1414018201.75
101	3	52	2	1	None	1414018201.79
101	3	52	2	1	None	1414018201.82
101	3	52	2	1	None	1414018201.86
101	3	52	2	1	None	1414018201.89
101	3	52	2	1	None	1414018201.93
101	3	52	2	1	None	1414018201.96
101	3	52	2	1	None	1414018201.99
101	3	52	2	1	None	1414018202.02
101	3	52	2	1	None	1414018202.06
101	3	52	2	1	None	1414018202.09
101	3	52	2	1	None	1414018202.12
101	3	52	2	1	None	1414018202.15
101	3	52	2	1	None	1414018202.19
101	3	52	2	1	None	1414018202.22
101	3	52	2	1	None	1414018202.25
101	3	52	2	1	None	1414018202.28
101	3	52	2	1	None	1414018202.32
101	3	52	2	1	None	1414018202.35
101	3	52	2	1	None	1414018202.39
101	3	52	2	1	None	1414018202.42
101	3	52	2	1	None	1414018202.46
101	3	52	2	1	None	1414018202.49
101	3	52	2	1	None	1414018202.52
101	3	52	2	1	None	1414018202.55
101	3	52	2	1	None	1414018202.58
101	3	52	2	1	None	1414018202.62
101	3	52	2	1	None	1414018202.65
101	3	52	2	1	None	1414018202.68
101	3	52	2	1	None	1414018202.71
101	3	52	2	1	None	1414018202.74
101	3	52	2	1	None	1414018202.78
101	3	52	2	1	None	1414018202.81
101	3	52	2	1	None	1414018202.85
101	3	52	2	1	None	1414018202.88
101	3	52	2	1	None	1414018202.91
101	3	52	2	1	None	1414018202.94
101	3	52	2	1	None	1414018202.98
101	3	52	2	1	None	1414018203.01
101	3	52	2	1	None	1414018203.04
101	3	52	2	1	None	1414018203.12
101	3	52	2	1	None	1414018203.15
101	3	52	2	1	None	1414018203.18
101	3	52	2	1	None	1414018203.21
101	3	52	2	1	None	1414018203.24
101	3	52	2	1	None	1414018203.28
101	3	52	2	1	None	1414018203.31
101	3	52	2	1	None	1414018203.34
101	3	52	2	1	None	1414018203.37
101	3	52	2	1	None	1414018203.4
101	3	52	2	1	None	1414018203.44
101	3	52	2	1	None	1414018203.47
101	3	52	2	1	None	1414018203.51
101	3	52	2	1	None	1414018203.54
101	3	52	2	1	None	1414018203.57
101	3	52	2	1	None	1414018203.6
101	3	52	2	1	None	1414018203.64
101	3	52	2	1	None	1414018203.67
101	3	52	2	2	None	1414018203.71
101	3	52	2	2	None	1414018203.74
101	3	52	2	2	None	1414018203.77
101	3	52	2	2	None	1414018203.8
101	3	52	2	2	None	1414018203.83
101	3	52	2	2	None	1414018203.87
101	3	52	2	2	None	1414018203.91
101	3	52	2	2	None	1414018203.94
101	3	52	2	2	None	1414018203.97
101	3	52	2	2	None	1414018204
101	3	52	2	2	None	1414018204.03
101	3	52	2	2	None	1414018204.07
101	3	52	2	2	None	1414018204.1
101	3	52	2	2	None	1414018204.14
101	3	52	2	2	None	1414018204.17
101	3	52	2	2	None	1414018204.2
101	3	52	2	2	None	1414018204.23
101	3	52	2	2	None	1414018204.27
101	3	52	2	2	None	1414018204.3
101	3	52	2	2	None	1414018204.33
101	3	52	2	2	None	1414018204.36
101	3	52	2	2	None	1414018204.39
101	3	52	2	2	None	1414018204.43
101	3	52	2	2	None	1414018204.47
101	3	52	2	2	None	1414018204.5
101	3	52	2	2	None	1414018204.53
101	3	52	2	2	None	1414018204.57
101	3	52	2	2	None	1414018204.6
101	3	52	2	2	None	1414018204.63
101	3	52	2	2	None	1414018204.66
101	3	52	2	2	None	1414018204.7
101	3	52	2	2	None	1414018204.73
101	3	52	2	2	None	1414018204.76
101	3	52	2	2	None	1414018204.8
101	3	52	2	2	None	1414018204.83
101	3	52	2	2	None	1414018204.86
101	3	52	2	2	None	1414018204.89
101	3	52	2	2	None	1414018204.93
101	3	52	2	3	None	1414018204.96
101	3	52	2	3	None	1414018204.99
101	3	52	2	3	None	1414018205.02
101	3	52	2	3	None	1414018205.05
101	3	52	2	3	None	1414018205.09
101	3	52	2	3	None	1414018205.12
101	3	52	2	3	None	1414018205.16
101	3	52	2	3	None	1414018205.19
101	3	52	2	3	None	1414018205.22
101	3	52	2	3	None	1414018205.25
101	3	52	2	3	None	1414018205.29
101	3	52	2	3	None	1414018205.32
101	3	52	2	3	None	1414018205.36
101	3	52	2	3	None	1414018205.39
101	3	52	2	3	None	1414018205.42
101	3	52	2	3	None	1414018205.45
101	3	52	2	3	None	1414018205.49
101	3	52	2	3	None	1414018205.52
101	3	52	2	3	None	1414018205.55
101	3	52	2	3	None	1414018205.58
101	3	52	2	3	None	1414018205.62
101	3	52	2	3	None	1414018205.65
101	3	52	2	3	None	1414018205.69
101	3	52	2	3	None	1414018205.72
101	3	52	2	3	None	1414018205.75
101	3	52	2	3	None	1414018205.78
101	3	52	2	3	None	1414018205.82
101	3	52	2	3	None	1414018205.85
101	3	52	2	3	None	1414018205.89
101	3	52	2	3	None	1414018205.92
101	3	52	2	3	None	1414018205.95
101	3	52	2	3	None	1414018205.98
101	3	52	2	3	None	1414018206.02
101	3	52	2	3	None	1414018206.05
101	3	52	2	3	None	1414018206.08
101	3	52	2	3	None	1414018206.11
101	3	52	2	3	None	1414018206.14
101	3	52	2	3	None	1414018206.18
101	3	52	2	3	None	1414018206.21
101	3	52	2	3	None	1414018206.24
101	3	52	2	3	None	1414018206.28
101	3	52	2	3	None	1414018206.31
101	3	52	2	3	None	1414018206.38
101	3	52	2	3	None	1414018206.41
101	3	52	2	3	None	1414018206.44
101	3	52	2	3	None	1414018206.48
101	3	52	2	3	None	1414018206.51
101	3	52	2	3	None	1414018206.54
101	3	52	2	3	None	1414018206.58
101	3	52	2	3	None	1414018206.61
101	3	52	2	3	None	1414018206.64
101	3	52	2	3	None	1414018206.68
101	3	52	2	3	None	1414018206.71
101	3	52	2	3	None	1414018206.74
101	3	52	2	3	None	1414018206.77
101	3	52	2	3	None	1414018206.81
101	3	52	2	3	None	1414018206.84
101	3	52	2	3	None	1414018206.87
101	3	52	2	3	None	1414018206.9
101	3	52	2	3	None	1414018206.94
101	3	52	2	3	None	1414018206.97
101	3	52	2	3	None	1414018207
101	3	52	2	3	None	1414018207.04
101	3	52	2	3	None	1414018207.07
101	3	52	2	3	None	1414018207.1
101	3	52	2	3	None	1414018207.13
101	3	52	2	3	None	1414018207.17
101	3	52	2	3	None	1414018207.2
101	3	52	2	3	None	1414018207.24
101	3	52	2	3	None	1414018207.27
101	3	52	2	3	None	1414018207.3
101	3	52	2	3	None	1414018207.33
101	3	52	3	0	None	1414018207.37
101	3	52	3	0	None	1414018207.4
101	3	52	3	0	None	1414018207.43
101	3	52	3	0	None	1414018207.47
101	3	52	3	0	None	1414018207.5
101	3	52	3	0	None	1414018207.53
101	3	52	3	0	None	1414018207.57
101	3	52	3	0	None	1414018207.6
101	3	52	3	0	None	1414018207.63
101	3	52	3	0	None	1414018207.67
101	3	52	3	0	None	1414018207.7
101	3	52	3	0	None	1414018207.73
101	3	52	3	0	None	1414018207.77
101	3	52	3	0	None	1414018207.8
101	3	52	3	0	None	1414018207.83
101	3	52	3	0	None	1414018207.86
101	3	52	3	0	None	1414018207.9
101	3	52	3	0	None	1414018207.93
101	3	52	3	0	None	1414018207.96
101	3	52	3	0	None	1414018207.99
101	3	52	3	0	None	1414018208.03
101	3	52	3	0	None	1414018208.06
101	3	52	3	0	None	1414018208.1
101	3	52	3	0	None	1414018208.13
101	3	52	3	0	None	1414018208.16
101	3	52	3	0	None	1414018208.19
101	3	52	3	0	None	1414018208.23
101	3	52	3	0	None	1414018208.26
101	3	52	3	0	None	1414018208.3
101	3	52	3	0	None	1414018208.33
101	3	52	3	0	None	1414018208.36
101	3	52	3	0	None	1414018208.39
101	3	52	3	0	None	1414018208.43
101	3	52	3	0	None	1414018208.46
101	3	52	3	0	None	1414018208.49
101	3	52	3	0	None	1414018208.52
101	3	52	3	0	None	1414018208.55
101	3	52	3	0	None	1414018208.59
101	3	52	3	0	None	1414018208.62
101	3	52	3	0	None	1414018208.66
101	3	52	3	0	None	1414018208.69
101	3	52	3	0	None	1414018208.73
101	3	52	3	0	None	1414018208.76
101	3	52	3	0	None	1414018208.8
101	3	52	3	0	None	1414018208.83
101	3	52	3	0	None	1414018208.86
101	3	52	3	0	None	1414018208.89
101	3	52	3	0	None	1414018208.92
101	3	52	3	0	None	1414018208.96
101	3	52	3	0	None	1414018208.99
101	3	52	3	0	None	1414018209.02
101	3	52	3	0	None	1414018209.05
101	3	52	3	0	None	1414018209.09
101	3	52	3	0	None	1414018209.12
101	3	52	3	0	None	1414018209.15
101	3	52	3	0	None	1414018209.19
101	3	52	3	0	None	1414018209.22
101	3	52	3	0	None	1414018209.25
101	3	52	3	0	None	1414018209.28
101	3	52	3	0	None	1414018209.32
101	3	52	3	0	None	1414018209.35
101	3	52	3	0	None	1414018209.38
101	3	52	3	0	None	1414018209.42
101	3	52	3	0	None	1414018209.45
101	3	52	3	0	None	1414018209.49
101	3	52	3	0	None	1414018209.52
101	3	52	3	0	None	1414018209.55
101	3	52	3	0	None	1414018209.58
101	3	52	3	0	None	1414018209.62
101	3	52	3	0	None	1414018209.68
101	3	52	3	0	None	1414018209.71
101	3	52	3	0	None	1414018209.75
101	3	52	3	0	None	1414018209.78
101	3	52	3	0	None	1414018209.82
101	3	52	3	0	None	1414018209.85
101	3	52	3	0	None	1414018209.88
101	3	52	3	0	None	1414018209.91
101	3	52	3	0	None	1414018209.95
101	3	52	3	0	None	1414018209.98
101	3	52	3	0	Left	1414018210.01
101	3	52	3	0	Left	1414018210.04
101	3	52	3	0	Left	1414018210.08
101	3	52	3	0	Left	1414018210.11
101	3	52	3	0	Left	1414018210.14
101	3	52	3	0	Left	1414018210.18
101	3	52	3	0	Left	1414018210.21
101	3	52	3	0	Left	1414018210.25
101	3	52	3	0	Left	1414018210.28
101	3	52	3	0	Left	1414018210.32
101	3	52	3	0	Left	1414018210.35
101	3	52	3	0	Left	1414018210.38
101	3	52	3	0	Left	1414018210.41
101	3	52	3	0	Left	1414018210.45
101	3	52	3	0	Left	1414018210.48
101	3	52	3	0	Left	1414018210.51
101	3	52	3	0	Left	1414018210.54
101	3	52	3	0	Left	1414018210.58
101	3	52	3	0	Left	1414018210.61
101	3	52	3	0	Left	1414018210.64
101	3	52	3	0	Left	1414018210.67
101	3	52	3	0	Left	1414018210.71
101	3	52	3	0	Left	1414018210.74
101	3	52	3	0	Left	1414018210.77
101	3	52	3	0	Left	1414018210.81
101	3	52	3	0	Left	1414018210.84
101	3	52	3	0	Left	1414018210.87
101	3	52	3	0	Left	1414018210.9
101	3	52	3	0	Left	1414018210.94
101	3	52	3	0	Left	1414018210.97
101	3	52	3	0	Left	1414018211.01
101	3	52	3	0	Left	1414018211.04
101	3	52	3	0	Left	1414018211.07
101	3	52	3	0	Left	1414018211.1
101	3	52	3	0	Left	1414018211.14
101	3	52	3	0	Left	1414018211.17
101	3	52	3	0	Left	1414018211.2
101	3	52	3	0	Left	1414018211.23
101	3	52	3	0	Left	1414018211.27
101	3	53	1	0	None	1414018211.3
101	3	53	1	0	None	1414018211.34
101	3	53	1	0	None	1414018211.37
101	3	53	1	0	None	1414018211.4
101	3	53	1	0	None	1414018211.43
101	3	53	1	0	None	1414018211.47
101	3	53	1	0	None	1414018211.5
101	3	53	1	0	None	1414018211.53
101	3	53	1	0	None	1414018211.57
101	3	53	1	0	None	1414018211.6
101	3	53	1	0	None	1414018211.63
101	3	53	1	0	None	1414018211.66
101	3	53	1	0	None	1414018211.7
101	3	53	1	0	None	1414018211.73
101	3	53	1	0	None	1414018211.76
101	3	53	1	0	None	1414018211.8
101	3	53	1	0	None	1414018211.83
101	3	53	1	0	None	1414018211.86
101	3	53	1	0	None	1414018211.89
101	3	53	1	0	None	1414018211.93
101	3	53	1	0	None	1414018211.96
101	3	53	1	0	None	1414018211.99
101	3	53	1	0	None	1414018212.03
101	3	53	1	0	None	1414018212.06
101	3	53	1	0	None	1414018212.09
101	3	53	1	0	None	1414018212.12
101	3	53	1	0	None	1414018212.16
101	3	53	1	0	None	1414018212.19
101	3	53	1	0	None	1414018212.22
101	3	53	1	0	None	1414018212.25
101	3	53	1	0	None	1414018212.29
101	3	53	1	0	None	1414018212.32
101	3	53	1	0	None	1414018212.35
101	3	53	1	0	None	1414018212.38
101	3	53	1	0	None	1414018212.42
101	3	53	1	0	None	1414018212.45
101	3	53	1	0	None	1414018212.49
101	3	53	1	0	None	1414018212.52
101	3	53	1	0	None	1414018212.55
101	3	53	1	0	None	1414018212.58
101	3	53	1	0	None	1414018212.62
101	3	53	1	0	None	1414018212.65
101	3	53	1	0	None	1414018212.68
101	3	53	1	0	None	1414018212.72
101	3	53	1	0	None	1414018212.75
101	3	53	1	0	None	1414018212.79
101	3	53	1	0	None	1414018212.82
101	3	53	1	0	None	1414018212.85
101	3	53	1	0	None	1414018212.88
101	3	53	1	0	None	1414018212.94
101	3	53	1	0	None	1414018212.97
101	3	53	1	0	None	1414018213.01
101	3	53	1	0	None	1414018213.04
101	3	53	1	0	None	1414018213.08
101	3	53	1	0	None	1414018213.11
101	3	53	1	0	None	1414018213.14
101	3	53	1	0	None	1414018213.18
101	3	53	1	0	None	1414018213.21
101	3	53	1	0	None	1414018213.24
101	3	53	1	0	None	1414018213.28
101	3	53	1	0	None	1414018213.31
101	3	53	1	0	None	1414018213.34
101	3	53	1	0	None	1414018213.38
101	3	53	1	0	None	1414018213.41
101	3	53	1	0	None	1414018213.44
101	3	53	1	0	None	1414018213.47
101	3	53	1	0	None	1414018213.51
101	3	53	1	0	None	1414018213.54
101	3	53	1	0	None	1414018213.57
101	3	53	1	0	None	1414018213.61
101	3	53	1	0	None	1414018213.64
101	3	53	1	0	None	1414018213.67
101	3	53	1	0	None	1414018213.71
101	3	53	1	0	None	1414018213.74
101	3	53	1	0	None	1414018213.77
101	3	53	1	0	None	1414018213.81
101	3	53	1	0	None	1414018213.84
101	3	53	1	0	None	1414018213.87
101	3	53	1	0	None	1414018213.91
101	3	53	1	0	None	1414018213.94
101	3	53	1	0	None	1414018213.98
101	3	53	1	0	None	1414018214.01
101	3	53	1	0	None	1414018214.04
101	3	53	1	0	None	1414018214.07
101	3	53	2	1	None	1414018214.11
101	3	53	2	1	None	1414018214.14
101	3	53	2	1	None	1414018214.18
101	3	53	2	1	None	1414018214.21
101	3	53	2	1	None	1414018214.24
101	3	53	2	1	None	1414018214.27
101	3	53	2	1	None	1414018214.31
101	3	53	2	1	None	1414018214.34
101	3	53	2	1	None	1414018214.37
101	3	53	2	1	None	1414018214.4
101	3	53	2	1	None	1414018214.44
101	3	53	2	1	None	1414018214.47
101	3	53	2	1	None	1414018214.51
101	3	53	2	1	None	1414018214.54
101	3	53	2	1	None	1414018214.57
101	3	53	2	1	None	1414018214.6
101	3	53	2	1	None	1414018214.64
101	3	53	2	1	None	1414018214.67
101	3	53	2	1	None	1414018214.71
101	3	53	2	1	None	1414018214.75
101	3	53	2	1	None	1414018214.78
101	3	53	2	1	None	1414018214.81
101	3	53	2	1	None	1414018214.85
101	3	53	2	1	None	1414018214.88
101	3	53	2	1	None	1414018214.92
101	3	53	2	1	None	1414018214.95
101	3	53	2	1	None	1414018214.98
101	3	53	2	1	None	1414018215.02
101	3	53	2	1	None	1414018215.05
101	3	53	2	1	None	1414018215.09
101	3	53	2	1	None	1414018215.12
101	3	53	2	1	None	1414018215.16
101	3	53	2	1	None	1414018215.19
101	3	53	2	1	None	1414018215.22
101	3	53	2	1	None	1414018215.25
101	3	53	2	1	None	1414018215.29
101	3	53	2	1	None	1414018215.33
101	3	53	2	1	None	1414018215.36
101	3	53	2	1	None	1414018215.39
101	3	53	2	1	None	1414018215.42
101	3	53	2	1	None	1414018215.46
101	3	53	2	1	None	1414018215.5
101	3	53	2	1	None	1414018215.53
101	3	53	2	1	None	1414018215.57
101	3	53	2	1	None	1414018215.6
101	3	53	2	1	None	1414018215.63
101	3	53	2	1	None	1414018215.67
101	3	53	2	1	None	1414018215.7
101	3	53	2	1	None	1414018215.74
101	3	53	2	1	None	1414018215.77
101	3	53	2	1	None	1414018215.8
101	3	53	2	1	None	1414018215.84
101	3	53	2	1	None	1414018215.88
101	3	53	2	1	None	1414018215.91
101	3	53	2	1	None	1414018215.94
101	3	53	2	1	None	1414018215.98
101	3	53	2	1	None	1414018216.01
101	3	53	2	1	None	1414018216.05
101	3	53	2	1	None	1414018216.08
101	3	53	2	1	None	1414018216.12
101	3	53	2	1	None	1414018216.15
101	3	53	2	1	None	1414018216.18
101	3	53	2	1	None	1414018216.25
101	3	53	2	1	None	1414018216.28
101	3	53	2	1	None	1414018216.32
101	3	53	2	1	None	1414018216.35
101	3	53	2	1	None	1414018216.38
101	3	53	2	1	None	1414018216.42
101	3	53	2	1	None	1414018216.45
101	3	53	2	1	None	1414018216.49
101	3	53	2	1	None	1414018216.52
101	3	53	2	1	None	1414018216.56
101	3	53	2	1	None	1414018216.59
101	3	53	2	1	None	1414018216.63
101	3	53	2	1	None	1414018216.67
101	3	53	2	1	None	1414018216.7
101	3	53	2	1	None	1414018216.73
101	3	53	2	1	None	1414018216.77
101	3	53	2	1	None	1414018216.8
101	3	53	2	1	None	1414018216.83
101	3	53	2	1	None	1414018216.87
101	3	53	2	1	None	1414018216.9
101	3	53	2	1	None	1414018216.94
101	3	53	2	1	None	1414018216.98
101	3	53	2	1	None	1414018217.01
101	3	53	2	1	None	1414018217.04
101	3	53	2	1	None	1414018217.08
101	3	53	2	1	None	1414018217.11
101	3	53	2	1	None	1414018217.15
101	3	53	2	1	None	1414018217.18
101	3	53	2	1	None	1414018217.21
101	3	53	2	1	None	1414018217.24
101	3	53	2	1	None	1414018217.28
101	3	53	2	1	None	1414018217.31
101	3	53	2	1	None	1414018217.34
101	3	53	2	1	None	1414018217.38
101	3	53	2	1	None	1414018217.42
101	3	53	2	1	None	1414018217.45
101	3	53	2	2	None	1414018217.48
101	3	53	2	2	None	1414018217.52
101	3	53	2	2	None	1414018217.55
101	3	53	2	2	None	1414018217.59
101	3	53	2	2	None	1414018217.62
101	3	53	2	2	None	1414018217.66
101	3	53	2	2	None	1414018217.69
101	3	53	2	2	None	1414018217.73
101	3	53	2	2	None	1414018217.76
101	3	53	2	2	None	1414018217.8
101	3	53	2	2	None	1414018217.83
101	3	53	2	2	None	1414018217.86
101	3	53	2	2	None	1414018217.9
101	3	53	2	2	None	1414018217.93
101	3	53	2	2	None	1414018217.97
101	3	53	2	2	None	1414018218
101	3	53	2	2	None	1414018218.04
101	3	53	2	2	None	1414018218.07
101	3	53	2	2	None	1414018218.11
101	3	53	2	2	None	1414018218.14
101	3	53	2	2	None	1414018218.18
101	3	53	2	2	None	1414018218.21
101	3	53	2	2	None	1414018218.25
101	3	53	2	2	None	1414018218.29
101	3	53	2	2	None	1414018218.32
101	3	53	2	2	None	1414018218.36
101	3	53	2	2	None	1414018218.39
101	3	53	2	2	None	1414018218.43
101	3	53	2	2	None	1414018218.46
101	3	53	2	2	None	1414018218.5
101	3	53	2	2	None	1414018218.53
101	3	53	2	2	None	1414018218.57
101	3	53	2	2	None	1414018218.6
101	3	53	2	2	None	1414018218.64
101	3	53	2	2	None	1414018218.67
101	3	53	2	2	None	1414018218.71
101	3	53	2	2	None	1414018218.75
101	3	53	2	2	None	1414018218.78
101	3	53	2	2	None	1414018218.82
101	3	53	2	2	None	1414018218.85
101	3	53	2	2	None	1414018218.89
101	3	53	2	2	None	1414018218.92
101	3	53	2	2	None	1414018218.96
101	3	53	2	2	None	1414018218.99
101	3	53	2	2	None	1414018219.02
101	3	53	2	2	None	1414018219.06
101	3	53	2	2	None	1414018219.09
101	3	53	2	2	None	1414018219.13
101	3	53	2	2	None	1414018219.16
101	3	53	2	2	None	1414018219.2
101	3	53	2	2	None	1414018219.23
101	3	53	2	2	None	1414018219.27
101	3	53	2	2	None	1414018219.31
101	3	53	2	3	None	1414018219.35
101	3	53	2	3	None	1414018219.38
101	3	53	2	3	None	1414018219.42
101	3	53	2	3	None	1414018219.45
101	3	53	2	3	None	1414018219.49
101	3	53	2	3	None	1414018219.54
101	3	53	2	3	None	1414018219.57
101	3	53	2	3	None	1414018219.61
101	3	53	2	3	None	1414018219.64
101	3	53	2	3	None	1414018219.67
101	3	53	2	3	None	1414018219.71
101	3	53	2	3	None	1414018219.74
101	3	53	2	3	None	1414018219.78
101	3	53	2	3	None	1414018219.82
101	3	53	2	3	None	1414018219.85
101	3	53	2	3	None	1414018219.88
101	3	53	2	3	None	1414018219.92
101	3	53	2	3	None	1414018219.95
101	3	53	2	3	None	1414018219.99
101	3	53	2	3	None	1414018220.03
101	3	53	2	3	None	1414018220.06
101	3	53	2	3	None	1414018220.1
101	3	53	2	3	None	1414018220.13
101	3	53	2	3	None	1414018220.16
101	3	53	2	3	None	1414018220.21
101	3	53	2	3	None	1414018220.24
101	3	53	2	3	None	1414018220.28
101	3	53	2	3	None	1414018220.31
101	3	53	2	3	None	1414018220.34
101	3	53	2	3	None	1414018220.38
101	3	53	2	3	None	1414018220.41
101	3	53	2	3	None	1414018220.45
101	3	53	2	3	None	1414018220.48
101	3	53	2	3	None	1414018220.52
101	3	53	2	3	None	1414018220.55
101	3	53	2	3	None	1414018220.59
101	3	53	2	3	None	1414018220.63
101	3	53	2	3	None	1414018220.66
101	3	53	2	3	None	1414018220.7
101	3	53	2	3	None	1414018220.73
101	3	53	2	3	None	1414018220.76
101	3	53	2	3	None	1414018220.8
101	3	53	2	3	None	1414018220.83
101	3	53	2	3	None	1414018220.87
101	3	53	2	3	None	1414018220.91
101	3	53	2	3	None	1414018220.95
101	3	53	2	3	None	1414018220.98
101	3	53	2	3	None	1414018221.02
101	3	53	2	3	None	1414018221.06
101	3	53	2	3	None	1414018221.1
101	3	53	2	3	None	1414018221.13
101	3	53	2	3	None	1414018221.17
101	3	53	2	3	None	1414018221.2
101	3	53	2	3	None	1414018221.24
101	3	53	2	3	None	1414018221.27
101	3	53	2	3	None	1414018221.31
101	3	53	2	3	None	1414018221.35
101	3	53	3	0	None	1414018221.38
101	3	53	3	0	None	1414018221.42
101	3	53	3	0	None	1414018221.46
101	3	53	3	0	None	1414018221.5
101	3	53	3	0	None	1414018221.53
101	3	53	3	0	None	1414018221.57
101	3	53	3	0	None	1414018221.6
101	3	53	3	0	None	1414018221.63
101	3	53	3	0	None	1414018221.67
101	3	53	3	0	None	1414018221.71
101	3	53	3	0	None	1414018221.74
101	3	53	3	0	None	1414018221.78
101	3	53	3	0	None	1414018221.82
101	3	53	3	0	None	1414018221.86
101	3	53	3	0	None	1414018221.89
101	3	53	3	0	None	1414018221.92
101	3	53	3	0	None	1414018221.96
101	3	53	3	0	None	1414018222
101	3	53	3	0	None	1414018222.03
101	3	53	3	0	None	1414018222.07
101	3	53	3	0	None	1414018222.1
101	3	53	3	0	None	1414018222.14
101	3	53	3	0	None	1414018222.18
101	3	53	3	0	None	1414018222.21
101	3	53	3	0	None	1414018222.25
101	3	53	3	0	None	1414018222.29
101	3	53	3	0	None	1414018222.32
101	3	53	3	0	None	1414018222.36
101	3	53	3	0	None	1414018222.39
101	3	53	3	0	None	1414018222.43
101	3	53	3	0	None	1414018222.47
101	3	53	3	0	None	1414018222.5
101	3	53	3	0	None	1414018222.54
101	3	53	3	0	None	1414018222.58
101	3	53	3	0	None	1414018222.62
101	3	53	3	0	None	1414018222.65
101	3	53	3	0	None	1414018222.69
101	3	53	3	0	None	1414018222.72
101	3	53	3	0	None	1414018222.75
101	3	53	3	0	None	1414018222.81
101	3	53	3	0	None	1414018222.84
101	3	53	3	0	None	1414018222.88
101	3	53	3	0	None	1414018222.91
101	3	53	3	0	None	1414018222.95
101	3	53	3	0	None	1414018222.99
101	3	53	3	0	None	1414018223.02
101	3	53	3	0	None	1414018223.06
101	3	53	3	0	None	1414018223.09
101	3	53	3	0	None	1414018223.13
101	3	53	3	0	None	1414018223.16
101	3	53	3	0	None	1414018223.2
101	3	53	3	0	None	1414018223.24
101	3	53	3	0	None	1414018223.27
101	3	53	3	0	None	1414018223.31
101	3	53	3	0	Left	1414018223.35
101	3	53	3	0	Left	1414018223.38
101	3	53	3	0	Left	1414018223.42
101	3	53	3	0	Left	1414018223.46
101	3	53	3	0	Left	1414018223.49
101	3	53	3	0	Left	1414018223.53
101	3	53	3	0	Left	1414018223.57
101	3	53	3	0	Left	1414018223.6
101	3	53	3	0	Left	1414018223.64
101	3	53	3	0	Left	1414018223.68
101	3	53	3	0	Left	1414018223.71
101	3	53	3	0	Left	1414018223.75
101	3	53	3	0	Left	1414018223.78
101	3	53	3	0	Left	1414018223.82
101	3	53	3	0	Left	1414018223.86
101	3	53	3	0	Left	1414018223.89
101	3	53	3	0	Left	1414018223.93
101	3	53	3	0	Left	1414018223.97
101	3	53	3	0	Left	1414018224
101	3	53	3	0	Left	1414018224.04
101	3	53	3	0	Left	1414018224.08
101	3	53	3	0	Left	1414018224.11
101	3	53	3	0	Left	1414018224.14
101	3	53	3	0	Left	1414018224.18
101	3	53	3	0	Left	1414018224.22
101	3	53	3	0	Left	1414018224.26
101	3	53	3	0	Left	1414018224.3
101	3	53	3	0	Left	1414018224.33
101	3	53	3	0	Left	1414018224.37
101	3	53	3	0	Left	1414018224.4
101	3	53	3	0	Left	1414018224.44
101	3	53	3	0	Left	1414018224.47
101	3	53	3	0	Left	1414018224.51
101	3	53	3	0	Left	1414018224.55
101	3	54	1	0	None	1414018224.58
101	3	54	1	0	None	1414018224.62
101	3	54	1	0	None	1414018224.65
101	3	54	1	0	None	1414018224.69
101	3	54	1	0	None	1414018224.73
101	3	54	1	0	None	1414018224.76
101	3	54	1	0	None	1414018224.8
101	3	54	1	0	None	1414018224.84
101	3	54	1	0	None	1414018224.87
101	3	54	1	0	None	1414018224.91
101	3	54	1	0	None	1414018224.94
101	3	54	1	0	None	1414018224.99
101	3	54	1	0	None	1414018225.03
101	3	54	1	0	None	1414018225.07
101	3	54	1	0	None	1414018225.1
101	3	54	1	0	None	1414018225.14
101	3	54	1	0	None	1414018225.18
101	3	54	1	0	None	1414018225.21
101	3	54	1	0	None	1414018225.25
101	3	54	1	0	None	1414018225.29
101	3	54	1	0	None	1414018225.32
101	3	54	1	0	None	1414018225.36
101	3	54	1	0	None	1414018225.39
101	3	54	1	0	None	1414018225.43
101	3	54	1	0	None	1414018225.46
101	3	54	1	0	None	1414018225.5
101	3	54	1	0	None	1414018225.54
101	3	54	1	0	None	1414018225.58
101	3	54	1	0	None	1414018225.61
101	3	54	1	0	None	1414018225.66
101	3	54	1	0	None	1414018225.69
101	3	54	1	0	None	1414018225.73
101	3	54	1	0	None	1414018225.76
101	3	54	1	0	None	1414018225.79
101	3	54	1	0	None	1414018225.83
101	3	54	1	0	None	1414018225.87
101	3	54	1	0	None	1414018225.9
101	3	54	1	0	None	1414018225.94
101	3	54	1	0	None	1414018225.97
101	3	54	1	0	None	1414018226.01
101	3	54	1	0	None	1414018226.05
101	3	54	1	0	None	1414018226.11
101	3	54	1	0	None	1414018226.14
101	3	54	1	0	None	1414018226.19
101	3	54	1	0	None	1414018226.22
101	3	54	1	0	None	1414018226.26
101	3	54	1	0	None	1414018226.29
101	3	54	1	0	None	1414018226.33
101	3	54	1	0	None	1414018226.37
101	3	54	1	0	None	1414018226.4
101	3	54	1	0	None	1414018226.44
101	3	54	1	0	None	1414018226.47
101	3	54	1	0	None	1414018226.51
101	3	54	1	0	None	1414018226.54
101	3	54	1	0	None	1414018226.59
101	3	54	1	0	None	1414018226.62
101	3	54	1	0	None	1414018226.66
101	3	54	1	0	None	1414018226.69
101	3	54	1	0	None	1414018226.74
101	3	54	1	0	None	1414018226.77
101	3	54	1	0	None	1414018226.81
101	3	54	1	0	None	1414018226.85
101	3	54	1	0	None	1414018226.88
101	3	54	1	0	None	1414018226.92
101	3	54	1	0	None	1414018226.96
101	3	54	1	0	None	1414018227
101	3	54	1	0	None	1414018227.03
101	3	54	1	0	None	1414018227.07
101	3	54	1	0	None	1414018227.11
101	3	54	1	0	None	1414018227.14
101	3	54	1	0	None	1414018227.18
101	3	54	1	0	None	1414018227.21
101	3	54	1	0	None	1414018227.25
101	3	54	1	0	None	1414018227.29
101	3	54	1	0	None	1414018227.33
101	3	54	2	1	None	1414018227.36
101	3	54	2	1	None	1414018227.4
101	3	54	2	1	None	1414018227.44
101	3	54	2	1	None	1414018227.47
101	3	54	2	1	None	1414018227.51
101	3	54	2	1	None	1414018227.55
101	3	54	2	1	None	1414018227.58
101	3	54	2	1	None	1414018227.62
101	3	54	2	1	None	1414018227.66
101	3	54	2	1	None	1414018227.7
101	3	54	2	1	None	1414018227.74
101	3	54	2	1	None	1414018227.77
101	3	54	2	1	None	1414018227.8
101	3	54	2	1	None	1414018227.84
101	3	54	2	1	None	1414018227.88
101	3	54	2	1	None	1414018227.91
101	3	54	2	1	None	1414018227.95
101	3	54	2	1	None	1414018227.99
101	3	54	2	1	None	1414018228.03
101	3	54	2	1	None	1414018228.07
101	3	54	2	1	None	1414018228.11
101	3	54	2	1	None	1414018228.15
101	3	54	2	1	None	1414018228.19
101	3	54	2	1	None	1414018228.22
101	3	54	2	1	None	1414018228.26
101	3	54	2	1	None	1414018228.3
101	3	54	2	1	None	1414018228.33
101	3	54	2	1	None	1414018228.37
101	3	54	2	1	None	1414018228.4
101	3	54	2	1	None	1414018228.45
101	3	54	2	1	None	1414018228.48
101	3	54	2	1	None	1414018228.52
101	3	54	2	1	None	1414018228.56
101	3	54	2	1	None	1414018228.59
101	3	54	2	1	None	1414018228.63
101	3	54	2	1	None	1414018228.67
101	3	54	2	1	None	1414018228.7
101	3	54	2	1	None	1414018228.74
101	3	54	2	1	None	1414018228.78
101	3	54	2	1	None	1414018228.81
101	3	54	2	1	None	1414018228.85
101	3	54	2	1	None	1414018228.89
101	3	54	2	1	None	1414018228.92
101	3	54	2	1	None	1414018228.96
101	3	54	2	1	None	1414018229
101	3	54	2	1	None	1414018229.04
101	3	54	2	1	None	1414018229.08
101	3	54	2	1	None	1414018229.11
101	3	54	2	1	None	1414018229.15
101	3	54	2	1	None	1414018229.19
101	3	54	2	1	None	1414018229.22
101	3	54	2	1	None	1414018229.26
101	3	54	2	1	None	1414018229.29
101	3	54	2	1	None	1414018229.33
101	3	54	2	1	None	1414018229.37
101	3	54	2	1	None	1414018229.41
101	3	54	2	1	None	1414018229.45
101	3	54	2	1	None	1414018229.49
101	3	54	2	1	None	1414018229.53
101	3	54	2	1	None	1414018229.57
101	3	54	2	1	None	1414018229.61
101	3	54	2	1	None	1414018229.81
101	3	54	2	1	None	1414018230.02
101	3	54	2	1	None	1414018230.22
101	3	54	2	2	None	1414018230.42
101	3	54	2	2	None	1414018230.62
101	3	54	2	2	None	1414018230.82
101	3	54	2	2	None	1414018231.03
101	3	54	2	2	None	1414018231.23
101	3	54	2	2	None	1414018231.53
101	3	54	2	2	None	1414018231.92
101	3	54	2	3	None	1414018232.31
101	3	54	2	3	None	1414018232.7
101	3	54	2	3	None	1414018233.1
101	3	54	2	3	None	1414018233.53
101	3	54	2	3	None	1414018233.93
101	3	54	2	3	None	1414018234.32
101	3	54	2	3	None	1414018234.7
101	3	54	3	0	None	1414018235.09
101	3	54	3	0	None	1414018235.48
101	3	54	3	0	None	1414018235.87
101	3	54	3	0	None	1414018236.26
101	3	54	3	0	Left	1414018236.65
101	3	54	3	0	Left	1414018237.04
101	3	54	3	0	Left	1414018237.43
101	3	55	1	0	None	1414018237.82
101	3	55	1	0	None	1414018238.21
101	3	55	1	0	None	1414018238.6
101	3	55	1	0	None	1414018238.99
101	3	55	1	0	None	1414018239.38
101	3	55	1	0	None	1414018239.77
101	3	55	1	0	None	1414018240.16
101	3	55	2	1	None	1414018240.56
101	3	55	2	1	None	1414018240.95
101	3	55	2	1	None	1414018241.36
101	3	55	2	1	None	1414018241.75
101	3	55	2	1	None	1414018242.14
101	3	55	2	1	None	1414018242.53
101	3	55	2	2	None	1414018242.92
101	3	55	2	2	None	1414018243.31
101	3	55	2	2	None	1414018243.7
101	3	55	2	2	None	1414018244.11
101	3	55	2	2	None	1414018244.52
101	3	55	2	2	None	1414018244.94
101	3	55	2	3	None	1414018245.35
101	3	55	2	3	None	1414018245.76
101	3	55	2	3	None	1414018246.17
101	3	55	2	3	None	1414018246.58
101	3	55	2	3	None	1414018247
101	3	55	2	3	None	1414018247.41
101	3	55	2	3	None	1414018247.82
101	3	55	3	0	None	1414018248.23
101	3	55	3	0	None	1414018248.65
101	3	55	3	0	None	1414018249.06
101	3	55	3	0	None	1414018249.47
101	3	55	3	0	Right	1414018249.88
101	3	55	3	0	Right	1414018250.29
101	3	55	3	0	Right	1414018250.7
101	3	55	3	0	Right	1414018251.12
101	3	56	1	0	None	1414018251.53
101	3	56	1	0	None	1414018251.94
101	3	56	1	0	None	1414018252.35
101	3	56	1	0	None	1414018252.77
101	3	56	1	0	None	1414018253.18
101	3	56	1	0	None	1414018253.59
101	3	56	2	1	None	1414018254
101	3	56	2	1	None	1414018254.41
101	3	56	2	1	None	1414018254.82
101	3	56	2	1	None	1414018255.23
101	3	56	2	1	None	1414018255.64
101	3	56	2	1	None	1414018256.05
101	3	56	2	1	None	1414018256.47
101	3	56	2	2	None	1414018256.88
101	3	56	2	2	None	1414018257.29
101	3	56	2	2	None	1414018257.7
101	3	56	2	3	None	1414018258.12
101	3	56	2	3	None	1414018258.53
101	3	56	2	3	None	1414018258.94
101	3	56	2	3	None	1414018259.36
101	3	56	2	3	None	1414018259.77
101	3	56	2	3	None	1414018260.18
101	3	56	2	3	None	1414018260.61
101	3	56	3	0	None	1414018261.02
101	3	56	3	0	None	1414018261.43
101	3	56	3	0	None	1414018261.84
101	3	56	3	0	None	1414018262.25
101	3	56	3	0	None	1414018262.67
101	3	56	3	0	None	1414018263.09
101	3	56	3	0	Left	1414018263.51
101	3	56	3	0	Left	1414018263.92
101	3	56	3	0	Left	1414018264.33
101	3	57	1	0	None	1414018264.75
101	3	57	1	0	None	1414018265.16
101	3	57	1	0	None	1414018265.58
101	3	57	1	0	None	1414018265.99
101	3	57	1	0	None	1414018266.41
101	3	57	1	0	None	1414018266.85
101	3	57	1	0	None	1414018267.29
101	3	57	2	1	None	1414018267.72
101	3	57	2	1	None	1414018268.13
101	3	57	2	1	None	1414018268.55
101	3	57	2	1	None	1414018268.97
101	3	57	2	1	None	1414018269.38
101	3	57	2	1	None	1414018269.79
101	3	57	2	2	None	1414018270.21
101	3	57	2	2	None	1414018270.62
101	3	57	2	2	None	1414018271.03
101	3	57	2	2	None	1414018271.45
101	3	57	2	2	None	1414018271.86
101	3	57	2	3	None	1414018272.28
101	3	57	2	3	None	1414018272.7
101	3	57	2	3	None	1414018273.11
101	3	57	2	3	None	1414018273.52
101	3	57	2	3	None	1414018273.93
101	3	57	2	3	None	1414018274.34
101	3	57	2	3	None	1414018274.76
101	3	57	3	0	None	1414018275.17
101	3	57	3	0	None	1414018275.58
101	3	57	3	0	None	1414018275.99
101	3	57	3	0	Left	1414018276.41
101	3	57	3	0	Left	1414018276.87
101	3	57	3	0	Left	1414018277.3
101	3	58	1	0	None	1414018277.73
101	3	58	1	0	None	1414018278.16
101	3	58	1	0	None	1414018278.59
101	3	58	1	0	None	1414018279.02
101	3	58	1	0	None	1414018279.46
101	3	58	1	0	None	1414018279.89
101	3	58	2	1	None	1414018280.32
101	3	58	2	1	None	1414018280.75
101	3	58	2	1	None	1414018281.18
101	3	58	2	1	None	1414018281.62
101	3	58	2	1	None	1414018282.05
101	3	58	2	1	None	1414018282.48
101	3	58	2	1	None	1414018282.91
101	3	58	2	2	None	1414018283.34
101	3	58	2	2	None	1414018283.78
101	3	58	2	2	None	1414018284.21
101	3	58	2	3	None	1414018284.64
101	3	58	2	3	None	1414018285.08
101	3	58	2	3	None	1414018285.51
101	3	58	2	3	None	1414018285.94
101	3	58	2	3	None	1414018286.37
101	3	58	2	3	None	1414018286.8
101	3	58	3	0	None	1414018287.23
101	3	58	3	0	None	1414018287.66
101	3	58	3	0	None	1414018288.09
101	3	58	3	0	None	1414018288.53
101	3	58	3	0	None	1414018288.98
101	3	58	3	0	Right	1414018289.41
101	3	58	3	0	Right	1414018289.85
101	3	58	3	0	Right	1414018290.28
101	3	59	1	0	None	1414018290.71
101	3	59	1	0	None	1414018291.15
101	3	59	1	0	None	1414018291.58
101	3	59	1	0	None	1414018292.01
101	3	59	1	0	None	1414018292.44
101	3	59	1	0	None	1414018292.87
101	3	59	2	1	None	1414018293.31
101	3	59	2	1	None	1414018293.74
101	3	59	2	1	None	1414018294.17
101	3	59	2	1	None	1414018294.6
101	3	59	2	1	None	1414018295.04
101	3	59	2	1	None	1414018295.48
101	3	59	2	2	None	1414018295.94
101	3	59	2	2	None	1414018296.4
101	3	59	2	2	None	1414018296.86
101	3	59	2	2	None	1414018297.32
101	3	59	2	2	None	1414018297.78
101	3	59	2	3	None	1414018298.24
101	3	59	2	3	None	1414018298.7
101	3	59	2	3	None	1414018299.16
101	3	59	2	3	None	1414018299.62
101	3	59	2	3	None	1414018300.08
101	3	59	2	3	None	1414018300.54
101	3	59	3	0	None	1414018301
101	3	59	3	0	None	1414018301.47
101	3	59	3	0	None	1414018301.92
101	3	59	3	0	Right	1414018302.38
101	3	59	3	0	Right	1414018302.85
101	3	59	3	0	Right	1414018303.31
101	3	60	1	0	None	1414018303.77
101	3	60	1	0	None	1414018304.24
101	3	60	1	0	None	1414018304.7
101	3	60	1	0	None	1414018305.16
101	3	60	1	0	None	1414018305.62
101	3	60	1	0	None	1414018306.08
101	3	60	2	1	None	1414018306.54
101	3	60	2	1	None	1414018307.04
101	3	60	2	1	None	1414018307.5
101	3	60	2	1	None	1414018307.96
101	3	60	2	1	None	1414018308.42
101	3	60	2	1	None	1414018308.88
101	3	60	2	1	None	1414018309.35
101	3	60	2	2	None	1414018309.81
101	3	60	2	2	None	1414018310.27
101	3	60	2	2	None	1414018310.73
101	3	60	2	2	None	1414018311.19
101	3	60	2	3	None	1414018311.65
101	3	60	2	3	None	1414018312.11
101	3	60	2	3	None	1414018312.58
101	3	60	2	3	None	1414018313.23
101	3	60	3	0	None	1414018313.93
101	3	60	3	0	None	1414018314.62
101	3	60	3	0	None	1414018315.32
101	3	60	3	0	Right	1414018316.01
101	3	60	3	0	Right	1414018316.71
101	3	61	1	0	None	1414018317.41
101	3	61	1	0	None	1414018318.11
101	3	61	1	0	None	1414018318.81
101	3	61	1	0	None	1414018319.5
101	3	61	2	1	None	1414018320.2
101	3	61	2	1	None	1414018320.9
101	3	61	2	1	None	1414018321.59
101	3	61	2	1	None	1414018322.29
101	3	61	2	2	None	1414018322.99
101	3	61	2	2	None	1414018323.69
101	3	61	2	3	None	1414018324.38
101	3	61	2	3	None	1414018325.09
101	3	61	2	3	None	1414018325.78
101	3	61	3	0	None	1414018326.48
101	3	61	3	0	None	1414018327.17
101	3	61	3	0	None	1414018327.87
101	3	61	3	0	None	1414018328.56
101	3	61	3	0	Left	1414018329.26
101	3	61	3	0	Left	1414018329.96
101	3	62	1	0	None	1414018330.65
101	3	62	1	0	None	1414018331.35
101	3	62	1	0	None	1414018332.05
101	3	62	1	0	None	1414018332.75
101	3	62	2	1	None	1414018333.44
101	3	62	2	1	None	1414018334.15
101	3	62	2	1	None	1414018334.85
101	3	62	2	1	None	1414018335.55
101	3	62	2	2	None	1414018336.25
101	3	62	2	2	None	1414018336.95
101	3	62	2	2	None	1414018337.67
101	3	62	2	2	None	1414018338.38
101	3	62	2	3	None	1414018339.08
101	3	62	2	3	None	1414018339.78
101	3	62	2	3	None	1414018340.48
101	3	62	3	0	None	1414018341.19
101	3	62	3	0	None	1414018341.89
101	3	62	3	0	Left	1414018342.59
101	3	62	3	0	Left	1414018343.29
101	3	63	1	0	None	1414018344
101	3	63	1	0	None	1414018344.7
101	3	63	1	0	None	1414018345.4
101	3	63	1	0	None	1414018346.11
101	3	63	2	1	None	1414018346.81
101	3	63	2	1	None	1414018347.52
101	3	63	2	1	None	1414018348.22
101	3	63	2	1	None	1414018348.92
101	3	63	2	2	None	1414018349.62
101	3	63	2	2	None	1414018350.32
101	3	63	2	2	None	1414018351.03
101	3	63	2	2	None	1414018351.73
101	3	63	2	3	None	1414018352.43
101	3	63	2	3	None	1414018353.14
101	3	63	2	3	None	1414018353.84
101	3	63	3	0	None	1414018354.55
101	3	63	3	0	None	1414018355.25
101	3	63	3	0	Left	1414018355.95
101	3	63	3	0	Left	1414018356.66
101	3	64	1	0	None	1414018357.36
101	3	64	1	0	None	1414018358.06
101	3	64	1	0	None	1414018358.76
101	3	64	1	0	None	1414018359.47
101	3	64	2	1	None	1414018360.17
101	3	64	2	1	None	1414018360.87
101	3	64	2	1	None	1414018361.57
101	3	64	2	1	None	1414018362.27
101	3	64	2	2	None	1414018362.98
101	3	64	2	3	None	1414018363.67
101	3	64	2	3	None	1414018364.37
101	3	64	2	3	None	1414018365.07
101	3	64	2	3	None	1414018365.77
101	3	64	3	0	None	1414018366.47
101	3	64	3	0	None	1414018367.17
101	3	64	3	0	None	1414018367.87
101	3	64	3	0	None	1414018368.57
101	3	64	3	0	None	1414018369.27
101	3	64	3	0	Right	1414018369.96
101	3	64	3	0	Right	1414018370.66
101	3	65	1	0	None	1414018371.36
101	3	65	1	0	None	1414018372.05
101	3	65	1	0	None	1414018372.76
101	3	65	1	0	None	1414018373.45
101	3	65	2	1	None	1414018374.15
101	3	65	2	1	None	1414018374.85
101	3	65	2	1	None	1414018375.54
101	3	65	2	2	None	1414018376.23
101	3	65	2	2	None	1414018376.93
101	3	65	2	3	None	1414018377.63
101	3	65	2	3	None	1414018378.33
101	3	65	2	3	None	1414018379.02
101	3	65	2	3	None	1414018379.72
101	3	65	3	0	None	1414018380.42
101	3	65	3	0	None	1414018381.12
101	3	65	3	0	None	1414018381.81
101	3	65	3	0	None	1414018382.51
101	3	65	3	0	Right	1414018383.21
101	3	65	3	0	Right	1414018383.91
101	3	66	1	0	None	1414018384.61
101	3	66	1	0	None	1414018385.31
101	3	66	1	0	None	1414018386.01
101	3	66	1	0	None	1414018386.7
101	3	66	2	1	None	1414018387.4
101	3	66	2	1	None	1414018388.09
101	3	66	2	1	None	1414018388.79
101	3	66	2	1	None	1414018389.49
101	3	66	2	2	None	1414018390.18
101	3	66	2	2	None	1414018390.87
101	3	66	2	2	None	1414018391.58
101	3	66	2	3	None	1414018392.28
101	3	66	2	3	None	1414018392.97
101	3	66	2	3	None	1414018393.67
101	3	66	3	0	None	1414018394.38
101	3	66	3	0	None	1414018395.08
101	3	66	3	0	None	1414018395.78
101	3	66	3	0	Right	1414018396.48
101	3	66	3	0	Right	1414018397.19
101	3	67	1	0	None	1414018397.89
101	3	67	1	0	None	1414018398.6
101	3	67	1	0	None	1414018399.3
101	3	67	1	0	None	1414018400.01
101	3	67	2	1	None	1414018400.71
101	3	67	2	1	None	1414018401.41
101	3	67	2	1	None	1414018402.12
101	3	67	2	1	None	1414018402.82
101	3	67	2	1	None	1414018403.53
101	3	67	2	2	None	1414018404.23
101	3	67	2	2	None	1414018404.93
101	3	67	2	3	None	1414018405.64
101	3	67	2	3	None	1414018406.34
101	3	67	2	3	None	1414018407.04
101	3	67	3	0	None	1414018407.74
101	3	67	3	0	None	1414018408.45
101	3	67	3	0	None	1414018409.16
101	3	67	3	0	Left	1414018409.87
101	3	67	3	0	Left	1414018410.58
101	3	68	1	0	None	1414018411.28
101	3	68	1	0	None	1414018411.99
101	3	68	1	0	None	1414018412.69
101	3	68	1	0	None	1414018413.39
101	3	68	2	1	None	1414018414.1
101	3	68	2	1	None	1414018414.8
101	3	68	2	1	None	1414018415.51
101	3	68	2	1	None	1414018416.22
101	3	68	2	2	None	1414018416.92
101	3	68	2	2	None	1414018417.62
101	3	68	2	3	None	1414018418.33
101	3	68	2	3	None	1414018419.03
101	3	68	2	3	None	1414018419.73
101	3	68	2	3	None	1414018420.44
101	3	68	3	0	None	1414018421.14
101	3	68	3	0	None	1414018421.85
101	3	68	3	0	None	1414018422.55
101	3	68	3	0	Left	1414018423.26
101	3	68	3	0	Left	1414018423.95
101	3	69	1	0	None	1414018424.65
101	3	69	1	0	None	1414018425.35
101	3	69	1	0	None	1414018426.05
101	3	69	1	0	None	1414018426.74
101	3	69	2	1	None	1414018427.47
101	3	69	2	1	None	1414018428.17
101	3	69	2	1	None	1414018428.87
101	3	69	2	2	None	1414018429.57
101	3	69	2	2	None	1414018430.26
101	3	69	2	2	None	1414018430.96
101	3	69	2	3	None	1414018431.66
101	3	69	2	3	None	1414018432.36
101	3	69	2	3	None	1414018433.06
101	3	69	2	3	None	1414018433.75
101	3	69	3	0	None	1414018434.46
101	3	69	3	0	None	1414018435.16
101	3	69	3	0	None	1414018435.86
101	3	69	3	0	Left	1414018436.55
101	3	69	3	0	Left	1414018437.25
101	3	69	3	0	Left	1414018437.95
101	3	70	1	0	None	1414018438.65
101	3	70	1	0	None	1414018439.35
101	3	70	1	0	None	1414018440.05
101	3	70	2	1	None	1414018440.75
101	3	70	2	1	None	1414018441.45
101	3	70	2	1	None	1414018442.15
101	3	70	2	1	None	1414018442.85
101	3	70	2	1	None	1414018443.55
101	3	70	2	2	None	1414018444.24
101	3	70	2	2	None	1414018444.94
101	3	70	2	2	None	1414018445.64
101	3	70	2	3	None	1414018446.35
101	3	70	2	3	None	1414018447.05
101	3	70	2	3	None	1414018447.74
101	3	70	3	0	None	1414018448.45
101	3	70	3	0	None	1414018449.15
101	3	70	3	0	None	1414018449.85
101	3	70	3	0	Left	1414018450.55
101	3	70	3	0	Left	1414018451.24
101	3	70	3	0	Left	1414018451.94
101	3	71	1	0	None	1414018452.64
101	3	71	1	0	None	1414018453.34
101	3	71	1	0	None	1414018454.04
101	3	71	2	1	None	1414018454.75
101	3	71	2	1	None	1414018455.46
101	3	71	2	1	None	1414018456.17
101	3	71	2	1	None	1414018456.87
101	3	71	2	1	None	1414018457.6
101	3	71	2	2	None	1414018458.31
101	3	71	2	2	None	1414018459.01
101	3	71	2	2	None	1414018459.71
101	3	71	2	3	None	1414018460.41
101	3	71	2	3	None	1414018461.12
101	3	71	2	3	None	1414018461.82
101	3	71	3	0	None	1414018462.52
101	3	71	3	0	None	1414018463.22
101	3	71	3	0	Right	1414018463.93
101	3	71	3	0	Right	1414018464.64
101	3	72	1	0	None	1414018465.34
101	3	72	1	0	None	1414018466.05
101	3	72	1	0	None	1414018466.75
101	3	72	1	0	None	1414018467.45
101	3	72	2	1	None	1414018468.16
101	3	72	2	1	None	1414018468.86
101	3	72	2	1	None	1414018469.57
101	3	72	2	1	None	1414018470.27
101	3	72	2	2	None	1414018470.98
101	3	72	2	3	None	1414018471.68
101	3	72	2	3	None	1414018472.38
101	3	72	2	3	None	1414018473.09
101	3	72	2	3	None	1414018473.79
101	3	72	3	0	None	1414018474.49
101	3	72	3	0	None	1414018475.2
101	3	72	3	0	None	1414018475.9
101	3	72	3	0	None	1414018476.6
101	3	72	3	0	Left	1414018477.31
101	3	72	3	0	Left	1414018478.01
101	3	73	1	0	None	1414018478.72
101	3	73	1	0	None	1414018479.42
101	3	73	1	0	None	1414018480.12
101	3	73	1	0	None	1414018480.83
101	3	73	2	1	None	1414018481.53
101	3	73	2	1	None	1414018482.24
101	3	73	2	1	None	1414018482.94
101	3	73	2	1	None	1414018483.64
101	3	73	2	2	None	1414018484.35
101	3	73	2	3	None	1414018485.05
101	3	73	2	3	None	1414018485.75
101	3	73	2	3	None	1414018486.45
101	3	73	2	3	None	1414018487.15
101	3	73	3	0	None	1414018487.89
101	3	73	3	0	None	1414018488.59
101	3	73	3	0	None	1414018489.29
101	3	73	3	0	Right	1414018489.99
101	3	73	3	0	Right	1414018490.69
101	3	74	1	0	None	1414018491.39
101	3	74	1	0	None	1414018492.09
101	3	74	1	0	None	1414018492.8
101	3	74	1	0	None	1414018493.49
101	3	74	2	1	None	1414018494.19
101	3	74	2	1	None	1414018494.89
101	3	74	2	1	None	1414018495.59
101	3	74	2	1	None	1414018496.29
101	3	74	2	1	None	1414018496.99
101	3	74	2	2	None	1414018497.69
101	3	74	2	2	None	1414018498.38
101	3	74	2	2	None	1414018499.08
101	3	74	2	3	None	1414018499.78
101	3	74	2	3	None	1414018500.48
101	3	74	2	3	None	1414018501.18
101	3	74	3	0	None	1414018501.88
101	3	74	3	0	None	1414018502.58
101	3	74	3	0	Right	1414018503.28
101	3	74	3	0	Right	1414018503.97
101	3	75	1	0	None	1414018504.67
101	3	75	1	0	None	1414018505.37
101	3	75	1	0	None	1414018506.07
101	3	75	1	0	None	1414018506.76
101	3	75	2	1	None	1414018507.46
101	3	75	2	1	None	1414018508.16
101	3	75	2	1	None	1414018508.86
101	3	75	2	1	None	1414018509.55
101	3	75	2	1	None	1414018510.28
101	3	75	2	2	None	1414018510.98
101	3	75	2	2	None	1414018511.67
101	3	75	2	3	None	1414018512.37
101	3	75	2	3	None	1414018513.07
101	3	75	2	3	None	1414018513.78
101	3	75	3	0	None	1414018514.49
101	3	75	3	0	None	1414018515.19
101	3	75	3	0	None	1414018515.89
101	3	75	3	0	Right	1414018516.6
101	3	75	3	0	Right	1414018517.3
101	3	75	3	0	Right	1414018518.07
